$SPEC_ID:
No sample description was entered.
$SPEC_REM:
DET# 1
DETDESC# MCB 130
AP# Maestro Version 6.08
$DATE_MEA:
10/29/2013 14:08:42
$MEAS_TIM:
877 889
$DATA:
0 2047
       0
       0
       0
       0
       0
       0
       0
       0
       0
       0
       0
       0
       0
       0
       0
       0
       0
       0
       2
    1443
    2142
    2151
    1892
    1848
    1825
    1847
    1934
    1804
    1766
    1791
    1751
    1792
    1810
    1839
    1880
    1930
    1880
    1923
    1913
    1936
    2012
    2005
    1946
    2066
    2226
    2140
    2192
    2137
    2197
    2172
    2293
    2106
    2253
    2228
    2282
    2272
    2211
    2157
    2106
    2256
    2300
    2192
    2261
    2223
    2274
    2262
    2248
    2187
    2312
    2211
    2290
    2177
    2263
    2200
    2219
    2248
    2203
    2172
    2183
    2221
    2213
    2100
    2161
    2098
    2176
    2012
    2117
    2075
    2076
    2041
    2015
    1995
    2024
    1923
    1979
    1987
    1998
    1883
    1957
    1971
    2006
    1934
    1916
    1911
    2005
    1936
    1965
    1957
    1951
    2013
    2122
    2606
    2739
    2766
    2605
    2524
    2356
    2260
    2252
    2244
    2104
    2085
    2057
    1910
    1943
    1935
    1875
    1787
    1803
    1757
    1743
    1747
    1741
    1544
    1642
    1673
    1610
    1542
    1621
    1545
    1532
    1484
    1413
    1470
    1650
    1427
    1429
    1472
    1454
    1345
    1369
    1372
    1375
    1360
    1351
    1322
    1323
    1272
    1318
    1314
    1318
    1224
    1284
    1256
    1346
    1235
    1224
    1233
    1232
    1215
    1211
    1223
    1223
    1296
    1158
    1202
    1175
    1192
    1178
    1153
    1198
    1218
    1140
    1130
    1150
    1150
    1153
    1154
    1103
    1098
    1192
    1087
    1054
    1136
    1116
    1069
    1122
    1096
    1045
    1160
    1089
    1106
    1097
    1102
    1162
    1087
    1099
    1051
    1094
    1087
    1133
    1113
    1090
    1280
    1137
    1082
    1127
    1092
    1135
    1121
    1151
    1138
    1090
    1146
    1126
    1047
    1136
    1100
    1131
    1086
    1149
    1120
    1221
    1108
    1175
    1212
    1216
    1197
    1180
    1130
    1184
    1175
    1189
    1140
    1176
    1151
    1176
    1263
    1216
    1150
    1159
    1253
    1184
    1183
    1227
    1196
    1250
    1207
    1314
    1259
    1300
    1288
    1290
    1314
    1346
    1375
    1327
    1257
    1364
    1331
    1410
    1382
    1352
    1412
    1367
    1468
    1467
    1461
    1454
    1507
    1508
    1433
    1411
    1409
    1507
    1520
    1378
    1343
    1337
    1226
    1099
     994
     888
     887
     838
     766
     761
     780
     710
     712
     682
     709
     698
     677
     642
     651
     631
     621
     647
     775
     683
     627
     575
     551
     502
     532
     519
     499
     501
     486
     479
     466
     435
     455
     405
     427
     447
     378
     393
     401
     335
     359
     342
     319
     300
     307
     295
     300
     291
     252
     250
     293
     259
     285
     263
     268
     253
     223
     250
     218
     218
     202
     230
     261
     241
     202
     216
     229
     232
     223
     222
     218
     200
     232
     219
     211
     206
     208
     210
     589
     277
     201
     193
     186
     169
     187
     180
     192
     187
     189
     169
     179
     192
     200
     187
     228
     186
     180
     200
     203
     210
     193
     190
     209
     208
     230
     234
     251
     229
     279
    4964
   62400
    4180
     101
      74
      88
      72
      56
      57
      76
      66
      58
      63
      78
      63
      55
      70
      70
      57
      48
      70
      54
      51
      60
      67
      68
      72
      74
      59
      69
      56
      53
      65
      66
      50
      68
      83
      60
      60
      57
      59
      80
      57
      54
      55
      55
      49
      38
      58
      52
      63
      55
      65
      58
      52
      57
      59
      57
      54
      59
      65
      61
      53
      54
      57
      53
     131
      51
      59
      54
      53
      53
      54
      46
      53
      44
      68
      66
      53
      54
      59
      56
      60
      56
      69
      48
      47
      54
      63
      59
      62
      40
      58
      49
      44
      46
      47
      42
      41
      46
      50
      53
      41
      43
      48
      50
      43
      40
      71
      52
      52
      36
      49
      43
      61
      43
      56
      55
      43
      40
      39
      58
      61
      50
      45
      42
      48
      62
      39
      57
      47
      62
      47
      52
      40
      43
      44
      49
      48
      56
      42
      48
      40
      50
      51
      33
      41
      49
      41
      44
      48
      37
      64
      70
      42
      38
      38
      45
      45
      47
      38
      49
      36
      38
      43
      43
      66
      53
      44
      43
      40
      29
      50
      41
      36
      43
      47
      35
      34
      35
      22
      48
      39
      37
      39
      50
      30
      53
      51
      48
      34
      33
      36
      34
      29
      43
      26
      27
      40
      43
      32
      44
      34
      35
      27
      40
      31
      32
      34
      28
      38
      30
      26
      25
      29
      42
      29
      38
      35
      31
      37
      32
      36
      34
      37
      33
      31
      33
      39
      23
      32
      35
      29
      26
      38
      31
      35
      34
      35
      36
      34
      44
      39
      29
      25
      35
      30
      36
      39
      35
      38
      34
      22
      31
      30
      40
      26
      23
      31
      43
      26
      32
      29
      26
      31
      35
      32
      35
      28
      29
      22
      31
      32
      24
      25
      33
      26
      23
      32
     138
     198
      33
      21
      24
      24
      33
      30
      24
      31
      24
      21
      33
      23
      24
      37
      19
      26
      27
      23
      20
      40
      44
      33
      34
      25
      28
      22
      23
      30
      24
      33
      29
      45
      30
      22
      22
      30
      40
      26
      31
      23
      25
      27
      21
      36
      24
      20
      25
      25
      30
      25
      23
      31
      31
      25
      21
      32
      30
      29
      22
      26
      43
      25
      26
      19
      21
      29
      22
      29
      28
      23
     108
      51
      16
      19
      28
      21
      17
      27
      28
      23
      29
      26
      25
      23
      24
      27
       9
      19
      27
      23
      18
      21
      49
      53
      20
      21
      32
      27
      19
      21
      20
      24
      24
      19
      16
      17
      18
      20
      14
      11
      21
      21
      19
      16
      21
      19
      18
      18
      16
      13
      18
      19
      14
      15
      15
      17
      16
      51
      40
      10
      18
      14
       7
      19
      20
      15
      20
      11
      18
      16
      13
      13
      12
      15
      15
      14
      15
      18
      13
      23
      15
      15
      14
      19
      23
      74
      26
      13
      11
      19
      37
      18
      13
      14
      16
       7
      15
      14
      15
      39
      30
      10
      13
      35
      38
      12
      13
      16
      13
      14
      16
      13
      14
       4
      20
      15
      12
       8
      17
      17
       8
      16
      12
       9
      13
      14
      13
      14
      17
      15
      18
      12
      20
      14
      25
     205
     235
      20
       8
       7
      17
      19
      14
      16
      10
      16
      23
      12
      12
       9
      12
      20
      13
      15
       8
      14
      15
      13
       7
      14
      15
      15
       9
      11
      24
      46
      12
      11
       7
      13
      16
       9
      12
       8
      16
      13
      14
      14
       6
      11
      19
      10
      18
      20
      10
      10
       9
       8
      14
       9
      12
       9
      10
      10
       9
       6
       8
       8
       8
       9
      11
       9
       8
      10
      11
       9
       5
       7
       7
      11
      15
       8
       6
       7
      12
      17
      17
      12
       8
       4
       8
       8
      12
       7
       4
      12
       6
       7
       3
       9
      11
       6
       8
      11
       6
       6
       4
       6
      10
       9
       8
       7
       8
       3
       4
       7
       5
       4
       3
       8
       7
       6
       6
       9
       3
      10
       7
      13
      11
       7
       4
       7
       5
       4
       6
       4
       3
       4
       5
      11
       5
       8
       7
       3
       9
       1
       8
       6
       8
       6
       5
       9
       4
       1
       7
       5
       6
       6
       3
       7
       9
       5
       4
       0
       2
       1
       4
       5
      17
      54
       8
       5
       6
       6
       2
       0
       5
       8
       4
       5
       2
       4
       3
       4
       4
       2
       7
       3
       6
      41
     208
      58
       4
       1
       4
       3
       3
       6
       6
       2
       3
       5
       2
       3
       2
       4
       5
       3
       4
       2
       3
       4
       6
       3
       3
       6
       4
       5
       6
       1
       3
       1
       1
       3
       7
       7
       1
       5
       4
       6
       3
       4
       5
      10
       5
       3
       3
       2
       5
       5
      16
      11
       2
       1
       2
       2
       4
       3
       2
       4
       6
       3
       3
       6
       8
       2
       8
       4
       1
       0
       4
       3
       3
       8
       1
       4
       2
       3
       3
       5
       8
       9
       1
       2
       2
       3
       2
       3
       2
       1
       4
       1
       4
       2
       2
       0
       3
       6
       6
       4
       0
       5
       3
       4
       4
       3
       3
       4
       5
       4
       6
       5
       1
       2
       3
       4
       0
       3
       1
       1
       7
       4
       4
       4
       4
       3
       2
       5
       2
       4
       7
       5
       5
       1
       2
       2
       2
       3
       2
       5
       3
       4
       3
       2
       1
       1
       1
       2
       4
       5
       5
       3
       1
       0
       3
       4
       5
       2
       3
       2
       3
       3
       4
       2
       2
       3
       2
       4
       3
       5
       5
       1
       2
       2
       5
       2
       4
       0
       4
       2
       1
       3
       0
       3
       2
       2
       1
       1
       2
       1
       3
       2
       1
       1
       4
       2
       0
       4
       0
       2
       0
       2
       1
       2
       2
       4
       4
       1
       1
       4
       4
       0
       0
       1
       2
      14
       1
       2
       2
       3
       1
       2
       1
       2
       1
       0
       2
       1
       2
       5
       3
       2
       0
       3
       1
       2
       0
       3
       1
       1
       0
       0
       3
       1
       3
       1
       1
       2
       1
       0
       0
       1
       0
       0
       4
       5
       1
       1
       1
       1
       2
       0
       3
       2
       0
       4
      15
      52
      18
       0
       0
       0
       1
       1
       1
       0
       2
       2
       1
       3
       1
       1
       0
       0
       1
       1
       4
       2
       2
       1
       1
       1
       1
       0
       0
       0
       1
       1
       3
       1
       1
       0
       1
       1
       1
       1
       1
       1
       3
       2
       1
       2
       2
       1
       1
       7
       0
       0
       0
       0
       0
       5
       2
       1
       2
       1
       1
       0
       1
       2
       1
       2
       5
       1
       3
       4
       0
       5
       0
       3
       2
       0
       0
       1
       1
       1
       1
       2
       1
       1
       1
       2
       1
       0
       1
       1
       1
       1
       1
       2
       0
       3
       2
       2
       2
       1
       1
       2
       1
       1
       4
       1
       0
       1
       1
       1
       1
       0
       0
       1
       0
       1
       1
       0
       2
       1
       0
       0
       0
       1
       2
       1
       0
       1
       0
       1
       1
       1
       0
       0
       0
       4
       0
       0
       0
       1
       0
       0
       1
       2
       2
       0
       0
       3
       3
      15
       9
       0
       1
       1
       0
       1
       1
       1
       0
       0
       0
       0
       1
       1
       2
       2
       0
       1
       0
       0
       0
       0
       0
       0
       0
       0
       0
       1
       0
       2
       0
       0
       0
       0
       0
       0
       1
       0
       1
       0
       0
       0
       0
       0
       0
       1
       0
       0
       3
       1
       0
       0
       0
       0
       0
       1
       0
       0
       1
       0
       0
       2
       0
       0
       0
       0
       0
       1
       0
       0
       0
       0
       0
       1
       0
       0
       0
       0
       0
       0
       0
       1
       0
       0
       1
       0
       0
       0
       1
       0
       0
       0
       0
       1
       0
       0
       3
       0
       1
       0
      11
      22
       3
       0
       0
       0
       0
       0
       0
       0
       0
       0
       0
       0
       0
       0
       0
       0
       0
       1
       0
       0
       0
       0
       0
       0
       0
       0
       0
       0
       0
       0
       0
       0
       0
       1
       0
       1
       0
       1
       0
       0
       0
       1
       0
       0
       0
       0
       1
       0
       0
       0
       0
       0
       0
       0
       0
       0
       0
       0
       0
       0
       1
       0
       0
       0
       0
       0
       0
       0
       0
       0
       0
       0
       0
       0
       0
       0
       0
       0
       0
       0
       0
       0
       0
       0
       0
       0
       0
       0
       0
       0
       0
       0
       1
       0
       0
       0
       0
       0
       0
       0
       0
       0
       0
       0
       0
       0
       0
       0
       0
       0
       0
       0
       0
       1
       0
       0
       0
       0
       0
       0
       0
       0
       0
       0
       0
       0
       0
       0
       0
       0
       0
       0
       0
       0
       0
       0
       0
       0
       0
       0
       0
       0
       0
       0
       0
       0
       0
       0
       0
       0
       0
       0
       0
       0
       0
       0
       0
       0
       1
       0
       0
       0
       0
       0
       0
       0
       0
       0
       0
       0
       1
       0
       0
       0
       0
       0
       0
       0
       0
       0
       0
       1
       0
       0
       1
       0
       0
       0
       0
       0
       0
       0
       0
       0
       0
       0
       0
       0
       0
       0
       1
       0
       0
       0
       0
       0
       0
       0
       1
       0
       0
       0
       0
       0
       0
       0
       0
       0
       0
       0
       0
       0
       0
       0
       0
       0
       0
       0
       0
       0
       0
       0
       0
       0
       0
       0
       0
       0
       0
       0
       0
       0
       0
       0
       0
       0
       0
       0
       0
       0
       0
       0
       0
       0
       0
       0
       0
       0
       0
       0
       0
       0
       0
       0
       0
       0
       0
       0
       0
       0
       0
       0
       0
       0
       0
       0
       0
       0
       0
       0
       0
       1
       0
       0
       0
       0
       0
       0
       0
       0
       0
       0
       0
       0
       0
       0
       0
       0
       1
       0
       0
       0
       1
       0
       0
       0
       0
       0
       0
       0
       0
       0
       0
       0
       0
       0
       0
       0
       0
       0
       1
       0
       0
       0
       0
       0
       0
       0
       0
       0
       0
       0
       0
       0
       0
       1
       0
       0
       0
       0
       0
       0
       0
       0
       0
       0
       0
       0
       0
       0
       0
       0
       0
       0
       1
       0
       0
       0
       0
       0
       0
       0
       0
       0
       0
       0
       0
       0
       0
       0
       0
       0
       0
       0
       0
       0
       1
       0
       0
       0
       0
       0
       0
       0
       0
       0
       0
       1
       0
       0
       0
       0
       0
       0
       0
       0
       0
       0
       0
       0
       0
       0
       0
       0
       0
       0
       0
       0
       0
       0
       0
       0
       0
       0
       0
       0
       0
       0
       0
       0
       0
       0
       0
       0
       0
       0
       0
       0
       0
       0
       0
       0
       0
       0
       0
       0
       0
       0
       0
       0
       0
       0
       0
       0
       0
       0
       0
       0
       0
       0
       0
       0
       0
       0
       0
       0
       0
       0
       0
$ROI:
3
396 406
709 715
803 813
$PRESETS:
Live Time
1800
0
$ENER_FIT:
5.415572 1.632092
$MCA_CAL:
3
5.415572E+000 1.632092E+000 1.139145E-005 keV
$SHAPE_CAL:
3
7.753245E+000 -2.533770E-002 2.134229E-005
