$SPEC_ID:
No sample description was entered.
$SPEC_REM:
DET# 1
DETDESC# MCB 130
AP# Maestro Version 6.08
$DATE_MEA:
10/29/2013 13:43:13
$MEAS_TIM:
897 921
$DATA:
0 2047
       0
       0
       0
       0
       0
       0
       0
       0
       0
       0
       0
       0
       0
       0
       0
       0
       0
       0
       4
    2127
    3276
    3211
    2978
    2809
    2807
    2832
    2824
    2806
    2897
    2859
    2816
    2709
    2792
    2773
    2680
    2867
    2882
    2810
    2779
    2805
    2927
    2934
    2978
    2976
    3084
    2935
    3092
    3077
    3249
    3204
    3197
    3193
    3267
    3303
    3120
    3159
    3142
    3190
    3202
    3251
    3155
    3243
    3102
    3100
    3228
    3208
    3194
    3188
    3172
    3176
    3215
    3232
    3241
    3252
    3202
    3159
    3151
    3099
    3124
    3011
    3093
    3065
    3025
    3116
    3102
    3037
    3023
    3023
    3047
    3032
    2928
    2907
    2898
    2940
    2912
    2883
    2767
    2799
    2806
    2777
    2793
    2796
    2824
    2869
    2854
    2878
    2925
    2913
    2971
    2914
    3158
    3489
    3680
    3532
    3421
    3342
    3293
    3206
    3096
    3115
    3068
    2971
    2877
    2935
    2884
    2873
    2859
    3036
    3165
    2998
    2972
    3072
    2886
    2943
    2761
    2731
    2798
    2677
    2618
    2469
    2534
    2523
    2539
    2358
    2549
    2409
    2403
    2269
    2305
    2325
    2234
    2194
    2196
    2185
    2177
    2157
    2091
    2082
    2115
    1944
    2007
    2003
    1985
    2020
    2006
    1899
    1955
    1935
    1928
    1980
    1846
    1817
    1900
    1837
    1847
    1845
    1934
    1886
    1909
    1823
    1880
    1785
    1841
    1768
    1824
    1743
    1760
    1831
    1774
    1698
    1775
    1750
    1701
    1787
    1710
    1728
    1732
    1700
    1731
    1712
    1730
    1677
    1661
    1651
    1711
    1661
    1684
    1659
    1745
    1690
    1700
    1692
    1716
    1802
    1676
    1673
    1668
    1651
    1624
    1672
    1673
    1541
    1670
    1688
    1670
    1660
    1720
    1712
    1642
    1732
    1601
    1598
    1738
    1690
    1602
    1666
    1687
    1627
    1685
    1648
    1672
    1673
    1664
    1687
    1658
    1663
    1707
    1727
    1689
    1712
    1757
    1726
    1726
    1780
    1723
    1663
    1774
    1765
    1787
    1845
    1860
    1785
    1813
    1823
    1832
    1858
    1877
    1829
    1913
    1903
    1818
    1877
    1803
    1921
    1932
    1856
    1925
    1902
    1976
    1949
    1961
    1931
    1955
    1948
    1887
    1964
    1928
    1863
    1740
    1629
    1584
    1478
    1432
    1376
    1326
    1336
    1254
    1262
    1198
    1215
    1197
    1204
    1201
    1148
    1127
    1169
    1130
    1095
    1131
    1273
    1264
    1061
     989
     975
    1035
     969
     982
     963
     968
     984
     966
     895
     969
     921
     836
     851
     852
     831
     784
     810
     800
     800
     798
     758
     777
     715
     729
     733
     697
     735
     766
     709
     748
     744
     690
     699
     695
     703
     729
     707
     726
     683
     679
     696
     692
     627
     661
     677
     658
     682
     670
     651
     641
     693
     678
     635
     677
     660
     656
    1132
     736
     657
     641
     688
     662
     664
     634
     658
     620
     618
     673
     646
     640
     651
     651
     629
     621
     650
     668
     666
     638
     668
     623
     661
     678
     713
     701
     656
     668
     752
    6069
   64183
    4385
     593
     539
     555
     550
     541
     535
     548
     547
     566
     523
     564
     531
     548
     596
     531
     534
     545
     554
     557
     566
     512
     534
     503
     569
     558
     541
     537
     493
     557
     567
     523
     545
     532
     571
     529
     597
     509
     518
     538
     516
     533
     511
     503
     511
     532
     542
     563
     536
     536
     563
     541
     576
     581
     535
     552
     512
     530
     544
     563
     532
     596
     568
     541
     648
     556
     566
     554
     592
     539
     570
     600
     587
     551
     573
     568
     557
     554
     613
     538
     640
     590
     590
     585
     590
     604
     630
     624
     602
     596
     640
     589
     577
     566
     627
     640
     611
     623
     587
     656
     640
     611
     603
     647
     655
     632
     650
     631
     603
     671
     635
     695
     597
     616
     647
     665
     637
     674
     696
     672
     648
     660
     683
     653
     678
     694
     645
     724
     658
     755
     699
     713
     775
     702
     692
     707
     677
     690
     720
     745
     725
     686
     747
     749
     756
     727
     727
     735
     768
     744
     798
     749
     769
     741
     783
     752
     756
     786
     809
     759
     746
     768
     807
     811
     835
     827
     817
     828
     781
     797
     805
     859
     827
     801
     876
     829
     872
     818
     836
     817
     815
     824
     781
     785
     689
     687
     611
     643
     627
     646
     630
     596
     625
     590
     607
     567
     618
     600
     564
     571
     580
     578
     563
     581
     600
     567
     587
     565
     561
     569
     562
     586
     605
     598
     580
     532
     577
     585
     523
     566
     564
     569
     548
     583
     537
     523
     541
     524
     541
     533
     557
     546
     502
     538
     505
     546
     578
     517
     551
     520
     492
     513
     528
     518
     501
     501
     474
     512
     501
     472
     534
     511
     537
     495
     512
     541
     538
     455
     506
     526
     536
     501
     558
     555
     535
     579
     551
     525
     529
     510
     548
     523
     550
     500
     556
     521
     450
     572
     625
     405
     321
     368
     309
     319
     325
     337
     282
     326
     281
     312
     302
     297
     287
     316
     279
     311
     253
     253
     283
     303
     275
     271
     288
     254
     251
     284
     277
     262
     303
    6236
   19291
    1371
     227
     235
     191
     214
     197
     199
     184
     175
     178
     160
     149
     155
     167
     152
     169
     151
     142
     136
     139
     143
     121
     154
     108
     126
     124
     125
     119
      85
      97
      83
     104
      95
     100
     102
      75
      84
      78
     186
     115
      68
      94
      74
      77
      70
      64
      71
      77
      71
      65
      75
      74
      69
      55
      52
      69
      73
      67
      74
      60
      99
     101
      53
      56
      89
      64
      59
      54
      62
      66
      56
      54
      49
      51
      60
      56
      47
      49
      61
      62
      63
      54
      54
      61
      50
      72
      69
      69
      63
      69
      77
      67
      66
      80
     261
   10196
   12948
     420
      45
      32
      43
      27
      41
      27
      35
      29
      31
      30
      27
      19
      34
      36
      22
      31
      24
      32
      31
      34
      19
      24
      21
      21
      38
     106
      34
      30
      23
      41
      29
      19
      25
      29
      24
      24
      31
      20
      24
      42
      40
      17
      26
      56
      64
      17
      23
      19
      25
      21
      28
      28
      21
      19
      25
      20
      31
      26
      17
      23
      28
      15
      20
      24
      24
      15
      16
      16
      24
      25
      17
      17
      19
      23
      32
     211
     256
      27
      28
      25
      21
      15
      17
      15
      23
      21
      19
      23
      17
      15
      19
      11
      27
      23
      22
      17
       9
      27
      18
      18
      22
      19
      21
      23
      27
      57
      18
      23
      26
      18
      30
      19
      13
      19
      25
      19
      22
      16
      20
      25
      19
      18
      25
      24
      12
      21
      27
      15
      13
      19
       4
      13
      14
      10
      15
      11
      22
      11
      17
      12
      15
      13
       9
      12
      21
      13
      11
      15
      15
      11
      19
      22
       9
      13
       9
      15
      22
      15
      17
      15
      16
      11
       5
      10
      14
      14
      16
      15
       7
       8
      13
      10
      12
       9
      15
      10
       9
       9
       7
      13
       7
      14
       9
      10
      12
      12
       5
      15
       5
      10
      10
      10
      15
       8
      10
       9
       7
      23
      14
       8
       5
       5
      14
      11
       4
      13
       5
      14
       7
      10
       9
      12
       7
       5
      10
       5
       9
      13
       6
      14
      11
       7
      10
       5
       8
       2
      13
      11
       5
       6
       4
       5
       7
       8
      10
      11
       5
       9
      22
      40
      16
      16
       2
       3
       6
       5
       7
       5
       9
       8
      12
       7
       6
       4
       4
      13
       6
       5
       6
      60
     281
      65
       3
       2
       9
       3
       5
       3
       2
       1
       8
       4
       7
       4
       6
       7
       5
       8
       9
       6
       7
       2
       8
       4
       5
       9
       4
       5
       3
       5
       8
       8
       6
       3
       5
       6
       5
       8
       9
       5
       9
       6
       4
       4
      13
       7
      12
       6
       4
       9
      31
      31
      11
       3
       5
       4
       4
       4
       4
       5
       4
       8
       4
       3
       4
       9
       6
      10
       3
       6
       5
       7
       5
       6
       4
       4
       2
       7
       1
       4
       4
       4
       7
       5
       5
       5
       3
       8
       6
       6
       7
       5
       8
       8
       4
       5
       7
       5
       6
       5
       3
       8
       5
       6
       4
       8
       6
       7
       5
       7
       5
       8
       3
       4
       5
       5
       3
       3
       7
       3
       4
       3
       2
       1
       5
       4
       3
       3
       5
       4
       3
       1
       5
       6
       6
       4
       3
       3
       8
       5
       1
       7
       4
       2
       5
       3
       4
       6
       2
       7
       3
       6
       5
       3
       5
       3
       1
       5
       2
       1
       3
       2
       6
       1
       2
       7
       8
       5
       2
       4
       4
       1
       3
       7
       4
       2
       4
       1
       1
       4
       3
       3
       1
       2
       1
       2
       2
       1
       1
       0
       2
       4
       5
       3
       1
       1
       6
       2
       3
       1
       1
       5
       3
       1
       4
       6
       3
       4
       5
       8
       3
       4
       1
       4
       7
      29
       8
       7
       0
       3
       3
       0
       4
       1
       3
       4
       2
       2
       2
       2
       1
       4
       3
       3
       1
       3
       1
       1
       2
       1
       3
       6
       1
       4
       3
       3
       2
       5
       1
       3
       2
       6
       0
       1
       1
       0
       3
       4
       1
       2
       3
       2
       3
       3
       3
       2
      12
      76
      21
       3
       2
       3
       2
       1
       2
       2
       3
       2
       0
       0
       3
       3
       2
       2
       2
       2
       0
       0
       5
       2
       4
       1
       1
       3
       1
       3
       3
       3
       1
       3
       2
       4
       2
       0
       0
       4
       1
       2
       2
       2
       3
       0
       0
       3
       0
       1
       3
       1
       2
       2
       0
       5
       6
       1
       2
       0
       2
       0
       3
       0
       3
       3
       2
       3
       0
       2
       3
       2
       2
       1
       1
       1
       1
       0
       1
       3
       0
       2
       1
       3
       1
       2
       3
       0
       2
       1
       0
       1
       1
       2
       1
       4
       0
       1
       0
       0
       1
       2
       0
       2
       2
       0
       0
       2
       2
       0
       2
       1
       2
       1
       0
       2
       0
       0
       0
       1
       0
       3
       0
       0
       0
       1
       0
       2
       1
       1
       1
       3
       3
       0
       1
       0
       1
       2
       3
       0
       2
       0
       1
       1
       0
       0
       2
       0
      10
      21
       9
       1
       0
       1
       0
       0
       0
       0
       0
       0
       0
       0
       3
       0
       1
       2
       1
       0
       1
       0
       0
       0
       0
       2
       2
       1
       1
       2
       1
       0
       0
       0
       0
       4
       2
       0
       0
       0
       0
       0
       0
       1
       1
       0
       0
       0
       1
       0
       0
       0
       1
       0
       0
       0
       1
       0
       0
       0
       1
       0
       0
       1
       2
       1
       0
       0
       1
       0
       0
       0
       0
       0
       0
       0
       1
       0
       0
       0
       1
       0
       0
       0
       0
       0
       0
       0
       0
       0
       0
       0
       0
       0
       0
       0
       0
       0
       1
       0
       0
       4
      27
      19
       1
       2
       1
       0
       0
       0
       0
       0
       1
       0
       0
       0
       0
       1
       1
       0
       0
       0
       1
       1
       0
       1
       0
       0
       0
       0
       1
       1
       0
       2
       1
       0
       0
       2
       0
       0
       0
       0
       0
       0
       0
       1
       0
       0
       0
       0
       0
       0
       1
       0
       0
       0
       0
       0
       0
       0
       1
       0
       0
       1
       0
       0
       0
       0
       0
       0
       0
       0
       0
       0
       0
       0
       0
       0
       0
       0
       1
       1
       0
       1
       0
       0
       0
       2
       0
       0
       0
       0
       0
       0
       0
       0
       0
       1
       0
       0
       1
       0
       0
       0
       0
       0
       1
       0
       0
       0
       0
       0
       0
       1
       0
       0
       0
       0
       0
       0
       0
       0
       0
       0
       0
       0
       0
       0
       0
       0
       0
       0
       0
       0
       0
       0
       0
       0
       0
       0
       0
       0
       0
       0
       0
       0
       0
       0
       0
       0
       0
       0
       0
       0
       0
       0
       0
       0
       0
       0
       0
       0
       0
       0
       0
       0
       0
       0
       0
       0
       0
       0
       0
       0
       0
       0
       0
       0
       0
       0
       0
       0
       0
       0
       0
       0
       0
       0
       0
       0
       0
       0
       0
       0
       0
       0
       0
       0
       0
       0
       0
       0
       0
       0
       0
       0
       0
       0
       0
       0
       0
       0
       0
       0
       0
       0
       0
       0
       0
       0
       0
       0
       0
       0
       0
       0
       0
       0
       0
       0
       0
       0
       0
       0
       0
       0
       0
       1
       0
       0
       0
       0
       0
       0
       0
       0
       0
       0
       0
       0
       0
       0
       0
       0
       0
       0
       0
       0
       0
       1
       0
       0
       0
       0
       0
       0
       1
       0
       0
       0
       0
       0
       0
       0
       0
       0
       0
       0
       0
       0
       0
       0
       0
       0
       0
       0
       0
       0
       0
       0
       0
       0
       0
       0
       0
       0
       0
       2
       0
       1
       0
       0
       0
       0
       0
       0
       0
       0
       0
       0
       0
       0
       1
       0
       0
       0
       0
       0
       0
       0
       0
       0
       0
       0
       0
       0
       0
       0
       0
       0
       0
       0
       1
       0
       0
       1
       0
       0
       0
       0
       1
       1
       0
       0
       0
       1
       1
       0
       0
       0
       0
       1
       0
       1
       0
       0
       0
       0
       0
       0
       0
       0
       0
       0
       0
       0
       0
       0
       0
       0
       0
       0
       0
       0
       0
       0
       0
       1
       0
       0
       0
       0
       0
       0
       0
       0
       0
       0
       0
       0
       0
       0
       0
       0
       0
       0
       0
       0
       0
       0
       0
       0
       0
       0
       0
       0
       0
       0
       0
       0
       0
       0
       0
       0
       0
       0
       0
       0
       0
       0
       0
       0
       0
       0
       0
       0
       0
       0
       0
       0
       0
       0
       0
       0
       0
       0
       0
       0
       0
       0
       0
       0
       0
       0
       0
       0
       0
       0
       0
       0
       0
       0
       0
       0
       0
       0
       0
       0
       0
       0
       0
       0
       0
$ROI:
3
396 406
709 715
803 813
$PRESETS:
Live Time
1800
0
$ENER_FIT:
5.415572 1.632092
$MCA_CAL:
3
5.415572E+000 1.632092E+000 1.139145E-005 keV
$SHAPE_CAL:
3
7.753245E+000 -2.533770E-002 2.134229E-005
