$SPEC_ID:
No sample description was entered.
$SPEC_REM:
DET# 1
DETDESC# MCB 130
AP# Maestro Version 6.08
$DATE_MEA:
10/29/2013 14:41:32
$MEAS_TIM:
1799 1807
$DATA:
0 2047
       0
       0
       0
       0
       0
       0
       0
       0
       0
       0
       0
       0
       0
       0
       0
       0
       1
       0
       0
     990
    1364
    1286
    1410
    1332
    1304
    1292
    1259
    1259
    1328
    1339
    1266
    1369
    1372
    1450
    1504
    1550
    1454
    1598
    1559
    1687
    1669
    1812
    1772
    1892
    2022
    2051
    2131
    2064
    2173
    2169
    2157
    2300
    2216
    2341
    2212
    2334
    2286
    2293
    2262
    2338
    2298
    2399
    2325
    2273
    2342
    2279
    2319
    2197
    2344
    2264
    2223
    2224
    2300
    2528
    2130
    2165
    2209
    2097
    2117
    2087
    2067
    2079
    2025
    1947
    1903
    1866
    1867
    1800
    1861
    1784
    1770
    1696
    1708
    1699
    1700
    1619
    1607
    1633
    1558
    1623
    1504
    1445
    1539
    1550
    1398
    1474
    1367
    1355
    1353
    1346
    1353
    1294
    1294
    1314
    1329
    1271
    1339
    1200
    1241
    1131
    1210
    1131
    1082
    1135
    1070
    1074
    1054
     968
    1093
    1104
    1059
     990
    1011
    1036
    1024
     952
     948
     931
     908
     954
     967
     916
     906
     865
    1139
     854
     885
     815
     834
     788
     747
     740
     785
     749
     748
     736
     729
     676
     704
     712
     719
     709
     699
     658
     677
     667
     608
     628
     648
     650
     587
     597
     604
     592
     610
     616
     614
     572
     667
     553
     546
     551
     555
     579
     534
     558
     530
     502
     517
     476
     473
     527
     502
     473
     456
     515
     467
     460
     482
     485
     473
     492
     450
     455
     494
     464
     468
     424
     586
     440
     431
     377
     436
     606
     405
     539
     424
     421
     421
     376
     384
     398
     418
     377
     361
     430
     386
     377
     366
     411
     372
     354
     386
     367
     334
     361
     360
     365
     353
     322
     382
     356
     331
     326
     321
     344
     343
     357
     349
     316
     327
     311
     337
     342
     311
     323
     302
     316
     337
     359
     318
     312
     296
     299
     286
     287
     289
     335
     285
     319
     272
     269
     286
     282
     297
     283
     301
     268
     303
     276
     284
     297
     284
     292
     255
     250
     270
     256
     256
     268
     295
     285
     252
     257
     257
     267
     251
     241
     267
     227
     272
     274
     274
     249
     251
     230
     242
     238
     291
     610
     583
     286
     250
     216
     254
     221
     221
     235
     279
     217
     219
     224
     217
     205
     240
     210
     180
     200
     219
     210
     201
     217
     199
     175
     208
     205
     193
     160
     212
     227
     238
     219
     198
     232
     221
     203
     202
     190
     195
     221
     190
     188
     217
     301
     246
     167
     210
     182
     171
     228
     192
     185
     188
     199
     186
     221
     194
     218
     196
    1127
     415
     180
     189
     178
     187
     180
     160
     179
     185
     172
     163
     182
     167
     152
     159
     192
     178
     179
     167
     185
     176
     167
     186
     187
     176
     164
     152
     151
     167
     128
     199
     881
     203
     186
     194
     173
     194
     176
     150
     159
     137
     150
     189
     144
     184
     175
     162
     169
     164
     174
     143
     163
     153
     137
     180
     161
     157
     159
     151
     163
     165
     165
     175
     148
     132
     127
     165
     161
     174
     153
     149
     172
     130
     143
     144
     152
     143
     135
     144
     147
     170
     146
     131
     157
     136
     125
     147
     145
     159
     141
     144
     152
     144
     132
     137
     148
     311
     141
     149
     152
     148
     124
     177
     148
     138
     145
     175
     157
     157
     131
     129
     138
     150
     126
     137
     137
     123
     122
     137
     180
     132
     128
     119
     126
     150
     168
     131
     135
     130
     129
     126
     130
     125
     121
     130
     127
     135
     155
     160
     152
     115
     120
     129
     138
     141
     149
     124
     138
     138
     124
     137
     140
     140
     140
     132
     118
     141
     131
     135
     133
     129
     135
     125
     123
     136
     132
     115
     126
     142
     147
     111
     132
     151
     133
     142
     132
     113
     138
     128
     111
     138
     146
     148
     180
     113
     136
     122
     115
     111
     131
     115
     132
     118
     120
     139
     127
     177
     207
     108
     123
     127
     117
     117
     113
     126
     113
     127
     136
     116
     104
     123
     115
      95
     119
     125
     174
     115
     125
     154
     116
     104
     142
     123
     106
     130
     129
     121
     104
      99
     128
     132
     113
     109
     106
     109
     123
     136
     113
     108
     118
     107
     105
     108
     137
     113
     120
     107
     115
     106
     106
      88
     102
     110
     103
     109
      96
      97
     111
     117
     103
     110
     111
     102
      96
     116
     115
     123
      95
     112
     121
     119
     110
      98
     102
      96
     108
      98
     101
     103
     129
     116
      91
     105
     112
      96
     100
     125
     118
     116
     140
     109
     108
     113
     101
     118
     105
     120
     123
     107
     129
     110
     130
     118
     113
     132
     136
     119
     138
     103
     290
     629
     128
     106
      90
     110
     107
      93
      99
     136
     112
     123
     135
      96
     101
     112
     114
     121
     105
      99
      96
     112
     159
     105
      92
      79
      69
      81
      87
      97
      92
      73
     126
     212
      87
      98
      95
      80
      91
     102
      91
      97
      84
      87
      75
      81
      80
      84
      79
      80
      71
      87
      89
     101
     100
      82
      87
      82
      66
      93
      92
      84
      73
      85
      79
      86
      70
      93
      80
      88
      74
      68
     304
     169
      76
      68
      72
      79
      64
      65
      73
      73
      64
      52
      60
      53
      59
      55
      68
      57
      59
      55
      74
      55
     128
     103
      58
      69
     129
      82
      52
      69
      70
      60
      59
      47
      66
      51
      49
      58
      56
      57
      46
      48
      53
      48
      50
      56
      63
      52
      54
      52
      57
      50
      37
      51
      47
      54
      55
     109
     125
      48
      38
      49
      38
      45
      61
      47
      41
      47
      45
      48
      37
      56
      56
      40
      53
      41
      45
      41
      61
     819
    1037
      80
      35
      50
      69
     194
      69
      49
      48
      52
      59
      38
      40
      37
      31
      38
      39
      45
      52
      67
      57
      38
      53
     132
     114
      43
      33
      26
      41
      38
      34
      47
      37
      36
      51
      38
      42
      35
      45
      27
      29
      36
      48
      41
      39
      27
      41
      45
      45
      41
      39
      38
      38
      36
      47
     369
     502
      63
      50
      39
      34
      42
      49
      50
      36
      54
      45
      51
      41
      41
      38
      33
      32
      43
      40
      45
      44
      48
      44
      35
      50
      37
      41
      37
      40
     126
      58
      31
      34
      40
      31
      37
      41
      38
      29
      35
      37
      36
      36
      27
      39
      42
      40
      55
      33
      38
      34
      37
      39
      28
      35
      25
      29
      30
      33
      37
      34
      18
      28
      35
      19
      25
      31
      27
      29
      32
      34
      37
      33
      28
      45
      28
      42
      38
      33
      36
      38
      39
      27
      28
      39
      22
      25
      23
      26
      20
      23
      18
      23
      24
      22
      16
      25
      26
      19
      23
      35
      21
      28
      27
      24
      20
      26
      20
      26
      38
      72
      45
      32
      21
      21
      21
      18
      26
      21
      21
      27
      49
      42
      25
      17
      21
      19
      25
      17
      25
      26
      13
      23
      17
      19
      31
      23
      22
      27
      21
      22
      33
      12
       9
      24
      19
      23
      18
      28
      21
      23
      20
      18
      22
      16
      18
      22
      19
      23
      25
      19
      18
      54
     148
     174
     123
      26
       9
      27
      15
      16
      19
      19
      21
      21
      19
      28
      22
      23
      18
      15
      12
      32
     115
     583
     203
      19
      14
      12
       9
      12
      18
      19
      23
      14
      15
      19
      10
      12
      22
      23
      18
      11
      12
      14
      20
      15
      17
      20
      19
      19
      10
      21
      18
      28
      17
      19
      17
       9
      16
      18
      20
      11
      17
      16
      15
      22
      20
      23
      26
      23
      13
      23
      18
      71
      76
      27
      18
      22
      18
      12
      13
      24
      25
      22
      15
      19
      23
      18
      26
      26
      28
      17
      20
      16
      30
      11
      17
      14
      26
      20
      24
      21
      20
      24
      17
      24
      18
      16
      21
      19
      15
      18
      28
      17
      18
      25
      20
      19
      20
      19
      17
      14
      22
      11
      23
      24
      22
      19
      19
      20
      25
      19
      23
      26
      19
      13
       8
      24
      15
      22
      15
      17
      22
      14
      13
       9
      13
      21
      21
      18
      22
      19
      11
      14
      12
      14
      11
      16
      15
       8
      28
      20
      11
      15
      16
      20
      14
      13
      20
      18
      20
      11
      15
      11
       8
      13
      16
      13
      19
      25
      20
      12
      13
      15
      21
      19
      14
      17
      17
      20
       9
      19
      19
      16
      14
      18
      22
      13
      15
      13
      15
      15
      13
      16
      13
      20
      22
      20
      12
      19
       8
      10
      16
      15
      20
      10
      15
      17
      18
      16
      17
      20
      12
      12
       9
      10
      14
       9
      11
      26
      14
      15
       9
       6
      17
      18
      25
      18
      50
      37
      21
      11
      13
       7
      21
      10
      14
      15
       9
      18
       7
      15
      20
      13
      10
      16
      11
      10
      18
       9
      14
      11
      14
      13
      11
      17
      11
      40
      63
      25
       8
      11
      17
      12
      15
      18
      14
      17
      11
      14
      10
      14
      15
      20
      13
      14
      11
      10
      12
      41
     157
      74
      14
      15
       9
       9
      12
      13
      12
      14
      12
      13
      14
      13
       7
      18
      10
      12
      11
      10
      18
      21
      26
      69
     108
      46
      17
       8
      21
      23
      15
      10
      14
      22
      13
      14
      11
      14
      15
      11
      18
      12
      15
      12
      22
      12
      12
      13
      11
      12
      15
       9
      15
      18
      26
      11
      17
      18
      10
      13
      14
      23
       9
       9
      13
      12
      13
      12
      21
       8
      17
      11
      16
       8
      16
      10
      14
      17
       9
      16
      13
      18
       9
       7
      14
      13
      13
      15
      16
      16
      17
      13
      13
      18
      16
      19
      17
      10
      17
      15
      16
      12
      14
      22
      18
      10
      10
      17
      12
      21
      18
       9
      14
      14
      16
      19
      15
      22
      13
      19
      18
      20
      13
      14
      12
      14
      13
      16
      13
      12
      15
      13
      15
      17
      16
      19
      14
      18
      11
      15
      17
      14
      11
      13
      11
      20
      16
      19
      53
      44
      15
      11
      16
      25
      16
      17
      26
      21
      12
       9
      23
      14
      16
      16
      21
      12
      13
      13
      18
      20
      17
      20
      35
      19
      17
      17
      24
      18
      19
      12
      16
      28
      17
      14
      13
      22
      16
      15
      16
      18
      14
      16
      26
      17
      15
      20
       8
      10
       9
       9
      13
      11
      10
       5
      12
      13
      10
       9
      13
      10
       9
      15
       8
       4
      14
       7
      10
       9
       9
      13
      11
      15
      11
       9
      10
       6
      16
      10
      11
       5
      11
       8
      10
       3
       6
       8
      14
       6
       4
       4
       5
       8
       6
       8
       8
       7
       3
      10
      11
      58
      45
       7
       6
       5
      11
       8
       3
       1
      10
       5
       5
       8
       1
       8
       2
       3
       3
       5
       1
       1
       1
       3
       0
       4
       2
       2
       2
       0
       2
       1
       2
       1
       4
       1
       2
       0
       2
       1
       1
       0
       1
       0
       0
       1
       2
       4
       1
       0
       4
       2
       4
       3
       1
       4
       1
       2
       1
       2
       2
       2
       1
       3
       2
       1
       1
       0
       0
       1
       2
       0
       3
       2
       4
       4
       1
       1
       2
       1
       2
       2
       0
       1
       6
      99
     500
     278
      23
       1
       0
       0
       1
       0
       2
       1
       0
       1
       0
       0
       2
       2
       1
       1
       1
       1
       0
       0
       0
       0
       0
       1
       0
       0
       2
       2
       2
       1
       1
       1
       0
       0
       2
       0
       0
       0
       0
       2
       0
       2
       0
       1
       1
       0
       0
       0
       0
       3
       2
       1
       1
       0
       1
       1
       0
       1
       0
       0
       1
       0
       0
       0
       1
       1
       1
       0
       0
       2
       0
       1
       0
       2
       1
       0
       2
       1
       1
       0
       2
       1
       1
       1
       0
       0
       0
       0
       0
       0
       4
       0
       1
       1
       2
       2
       1
       0
       0
       0
       1
       0
       0
       0
       1
       0
       1
       1
       0
       1
       1
       0
       0
       2
       0
       0
       0
       1
       2
       0
       1
       1
       0
       0
       0
       0
       0
       1
       0
       0
       0
       0
       1
       0
       1
       1
       2
       0
       0
       3
       0
       1
       0
       0
       0
       1
       2
       2
       1
       0
       0
       0
       0
       0
       1
       0
       0
       0
       1
       0
       1
       1
       2
       0
       0
       0
       0
       0
       0
       0
       0
       0
       0
       0
       0
       0
       0
       0
       1
       1
       0
       1
       0
       1
       0
       1
       0
       0
       0
       0
       0
       2
       1
       0
       1
       0
       0
       0
       0
       0
       0
       0
       0
       0
       0
       0
       0
       0
       1
       0
       2
       1
       0
       1
       0
       0
       0
       0
       0
       0
       1
       1
       0
       0
       0
       0
       0
       0
       0
       0
       1
       1
       0
       0
       0
       0
       2
       1
       1
       0
       1
       0
       0
       0
       0
       1
       0
       0
       0
       0
       0
       1
       0
       0
       1
       0
       0
       0
       0
       0
       2
       1
       0
       0
       0
       0
       0
       1
       0
       0
       0
       0
       1
       0
       0
       0
       0
       0
       0
       1
       0
       0
       0
       0
       1
       1
       0
       1
       0
       0
       1
       1
       0
       0
       0
       1
       1
       0
       0
       0
       0
       0
       0
       0
       0
       1
       0
       0
       0
       0
       0
       0
       0
       1
       0
       0
       1
       1
       0
       1
       1
       0
       0
       0
       0
       0
       0
       0
       0
       0
       0
       0
       0
       0
       0
       0
       0
       0
       0
       0
       0
       0
       0
       0
       0
       0
       0
       0
       0
       0
       0
       0
       0
       0
       0
       0
       0
       0
       0
       0
       0
       0
       0
       0
       0
       0
       0
       0
       0
       0
       0
       0
       0
       0
$ROI:
7
305 314
396 406
709 715
803 813
1046 1054
1354 1366
1667 1677
$PRESETS:
Live Time
1800
0
$ENER_FIT:
5.415572 1.632092
$MCA_CAL:
3
5.415572E+000 1.632092E+000 1.139145E-005 keV
$SHAPE_CAL:
3
7.753245E+000 -2.533770E-002 2.134229E-005
