!HKL list generation:
!-------------------
!
!Title:                                       
!Wavelength:     1.54060
!2theta_min:     0.00000
!2theta_max:   180.00000
!Space group: I 4/m m m           
!Cell parameters:   10.00000  10.00000  10.00000
!Cell angles:       90.00000  90.00000  90.00000
!
!> Number of reflexions:    365
!
!         2theta(deg)    h   k   l
!
 12.508   (   1   1   0)
 12.508   (   1   0   1)
 17.725   (   0   0   2)
 17.725   (   2   0   0)
 21.752   (   1   1   2)
 21.752   (   2   1   1)
 25.168   (   2   2   0)
 25.168   (   2   0   2)
 28.197   (   1   0   3)
 28.197   (   3   0   1)
 28.197   (   3   1   0)
 30.953   (   2   2   2)
 33.503   (   2   1   3)
 33.503   (   3   2   1)
 33.503   (   3   1   2)
 35.892   (   4   0   0)
 35.892   (   0   0   4)
 38.151   (   3   0   3)
 38.151   (   3   3   0)
 38.151   (   1   1   4)
 38.151   (   4   1   1)
 40.301   (   2   0   4)
 40.301   (   4   2   0)
 40.301   (   4   0   2)
 42.360   (   3   3   2)
 42.360   (   3   2   3)
 44.342   (   4   2   2)
 44.342   (   2   2   4)
 46.255   (   4   1   3)
 46.255   (   3   1   4)
 46.255   (   5   1   0)
 46.255   (   4   3   1)
 46.255   (   5   0   1)
 46.255   (   1   0   5)
 49.911   (   2   1   5)
 49.911   (   5   1   2)
 49.911   (   5   2   1)
 51.666   (   4   0   4)
 51.666   (   4   4   0)
 53.379   (   3   0   5)
 53.379   (   3   3   4)
 53.379   (   5   0   3)
 53.379   (   5   3   0)
 53.379   (   4   3   3)
 55.056   (   4   2   4)
 55.056   (   6   0   0)
 55.056   (   0   0   6)
 55.056   (   4   4   2)
 56.698   (   3   2   5)
 56.698   (   6   1   1)
 56.698   (   1   1   6)
 56.698   (   5   2   3)
 56.698   (   5   3   2)
 58.311   (   6   0   2)
 58.311   (   2   0   6)
 58.311   (   6   2   0)
 59.896   (   4   1   5)
 59.896   (   5   4   1)
 59.896   (   5   1   4)
 61.455   (   6   2   2)
 61.455   (   2   2   6)
 62.993   (   3   1   6)
 62.993   (   6   1   3)
 62.993   (   6   3   1)
 64.509   (   4   4   4)
 66.006   (   4   3   5)
 66.006   (   1   0   7)
 66.006   (   5   0   5)
 66.006   (   5   3   4)
 66.006   (   5   5   0)
 66.006   (   7   0   1)
 66.006   (   5   4   3)
 66.006   (   7   1   0)
 67.486   (   4   0   6)
 67.486   (   6   4   0)
 67.486   (   6   0   4)
 68.951   (   2   1   7)
 68.951   (   7   1   2)
 68.951   (   6   3   3)
 68.951   (   7   2   1)
 68.951   (   5   5   2)
 68.951   (   3   3   6)
 68.951   (   5   2   5)
 70.401   (   6   2   4)
 70.401   (   6   4   2)
 70.401   (   4   2   6)
 71.838   (   7   3   0)
 71.838   (   7   0   3)
 71.838   (   3   0   7)
 74.679   (   7   2   3)
 74.679   (   6   1   5)
 74.679   (   6   5   1)
 74.679   (   7   3   2)
 74.679   (   5   1   6)
 74.679   (   3   2   7)
 76.084   (   8   0   0)
 76.084   (   0   0   8)
 77.481   (   1   1   8)
 77.481   (   7   1   4)
 77.481   (   5   4   5)
 77.481   (   8   1   1)
 77.481   (   4   1   7)
 77.481   (   7   4   1)
 77.481   (   5   5   4)
 78.870   (   4   4   6)
 78.870   (   2   0   8)
 78.870   (   6   4   4)
 78.870   (   8   0   2)
 78.870   (   8   2   0)
 80.253   (   6   3   5)
 80.253   (   6   5   3)
 80.253   (   5   3   6)
 81.630   (   8   2   2)
 81.630   (   6   6   0)
 81.630   (   2   2   8)
 81.630   (   6   0   6)
 83.003   (   7   4   3)
 83.003   (   7   5   0)
 83.003   (   4   3   7)
 83.003   (   7   3   4)
 83.003   (   5   0   7)
 83.003   (   8   3   1)
 83.003   (   3   1   8)
 83.003   (   7   0   5)
 83.003   (   8   1   3)
 84.371   (   6   2   6)
 84.371   (   6   6   2)
 85.736   (   5   2   7)
 85.736   (   7   2   5)
 85.736   (   7   5   2)
 87.098   (   8   4   0)
 87.098   (   4   0   8)
 87.098   (   8   0   4)
 88.459   (   8   3   3)
 88.459   (   3   3   8)
 88.459   (   9   1   0)
 88.459   (   9   0   1)
 88.459   (   1   0   9)
 89.819   (   8   4   2)
 89.819   (   8   2   4)
 89.819   (   4   2   8)
 91.179   (   7   1   6)
 91.179   (   6   5   5)
 91.179   (   5   5   6)
 91.179   (   9   2   1)
 91.179   (   9   1   2)
 91.179   (   7   6   1)
 91.179   (   6   1   7)
 91.179   (   2   1   9)
 92.540   (   6   4   6)
 92.540   (   6   6   4)
 93.902   (   5   1   8)
 93.902   (   7   4   5)
 93.902   (   8   5   1)
 93.902   (   7   5   4)
 93.902   (   9   0   3)
 93.902   (   8   1   5)
 93.902   (   3   0   9)
 93.902   (   5   4   7)
 93.902   (   9   3   0)
 96.634   (   9   2   3)
 96.634   (   7   3   6)
 96.634   (   6   3   7)
 96.634   (   7   6   3)
 96.634   (   9   3   2)
 96.634   (   3   2   9)
 98.005   (   4   4   8)
 98.005   (   8   4   4)
 99.380   (   7   7   0)
 99.380   (   7   0   7)
 99.380   (   9   1   4)
 99.380   (   5   3   8)
 99.380   (   8   3   5)
 99.380   (   9   4   1)
 99.380   (   8   5   3)
 99.380   (   4   1   9)
100.762   (   8   0   6)
100.762   (   6   0   8)
100.762   (   8   6   0)
100.762   (   0   0  10)
100.762   (  10   0   0)
102.149   (   7   2   7)
102.149   (   7   7   2)
102.149   (  10   1   1)
102.149   (   1   1  10)
103.544   (   2   0  10)
103.544   (   8   2   6)
103.544   (  10   2   0)
103.544   (  10   0   2)
103.544   (   6   2   8)
103.544   (   8   6   2)
104.947   (   9   0   5)
104.947   (   4   3   9)
104.947   (   9   3   4)
104.947   (   5   0   9)
104.947   (   9   4   3)
104.947   (   9   5   0)
106.359   (  10   2   2)
106.359   (   2   2  10)
106.359   (   6   6   6)
107.782   (   6   5   7)
107.782   (   5   2   9)
107.782   (  10   3   1)
107.782   (   9   2   5)
107.782   (   7   6   5)
107.782   (   7   5   6)
107.782   (   9   5   2)
107.782   (   3   1  10)
107.782   (  10   1   3)
110.663   (   8   7   1)
110.663   (   8   5   5)
110.663   (   8   1   7)
110.663   (   7   1   8)
110.663   (   5   5   8)
110.663   (   7   7   4)
110.663   (   7   4   7)
112.123   (   8   6   4)
112.123   (   6   4   8)
112.123   (   8   4   6)
112.123   (  10   0   4)
112.123   (  10   4   0)
112.123   (   4   0  10)
113.599   (   6   1   9)
113.599   (  10   3   3)
113.599   (   9   1   6)
113.599   (   9   6   1)
113.599   (   3   3  10)
115.092   (   4   2  10)
115.092   (  10   4   2)
115.092   (  10   2   4)
116.603   (   9   4   5)
116.603   (   8   3   7)
116.603   (  11   1   0)
116.603   (  11   0   1)
116.603   (   7   3   8)
116.603   (   8   7   3)
116.603   (   9   5   4)
116.603   (   5   4   9)
116.603   (   1   0  11)
119.688   (   9   3   6)
119.688   (  11   1   2)
119.688   (   2   1  11)
119.688   (  10   1   5)
119.688   (  11   2   1)
119.688   (   9   6   3)
119.688   (  10   5   1)
119.688   (   6   3   9)
119.688   (   5   1  10)
121.266   (   8   0   8)
121.266   (   8   8   0)
122.870   (   9   7   0)
122.870   (  11   0   3)
122.870   (  11   3   0)
122.870   (   7   0   9)
122.870   (   3   0  11)
122.870   (   9   0   7)
124.505   (   8   2   8)
124.505   (  10   4   4)
124.505   (   8   8   2)
124.505   (   4   4  10)
126.172   (  10   5   3)
126.172   (  11   3   2)
126.172   (   3   2  11)
126.172   (   9   2   7)
126.172   (   9   7   2)
126.172   (  11   2   3)
126.172   (  10   3   5)
126.172   (   7   7   6)
126.172   (   7   6   7)
126.172   (   7   2   9)
126.172   (   5   3  10)
127.875   (   6   0  10)
127.875   (   8   6   6)
127.875   (  10   0   6)
127.875   (  10   6   0)
127.875   (   6   6   8)
129.619   (   7   5   8)
129.619   (   8   5   7)
129.619   (   8   7   5)
129.619   (   4   1  11)
129.619   (  11   1   4)
129.619   (  11   4   1)
131.408   (   6   2  10)
131.408   (  10   2   6)
131.408   (  10   6   2)
133.247   (   9   6   5)
133.247   (   9   5   6)
133.247   (   6   5   9)
135.144   (   0   0  12)
135.144   (  12   0   0)
135.144   (   8   8   4)
135.144   (   8   4   8)
137.106   (   4   3  11)
137.106   (   1   1  12)
137.106   (   7   4   9)
137.106   (  11   0   5)
137.106   (   9   1   8)
137.106   (   8   1   9)
137.106   (  11   4   3)
137.106   (  12   1   1)
137.106   (   5   0  11)
137.106   (   9   4   7)
137.106   (  11   5   0)
137.106   (  11   3   4)
137.106   (   9   7   4)
137.106   (   9   8   1)
139.144   (  12   2   0)
139.144   (  12   0   2)
139.144   (   2   0  12)
141.268   (   7   1  10)
141.268   (   5   5  10)
141.268   (  10   7   1)
141.268   (   5   2  11)
141.268   (  10   5   5)
141.268   (  11   2   5)
141.268   (  10   1   7)
141.268   (  11   5   2)
143.497   (   6   4  10)
143.497   (  10   6   4)
143.497   (  10   4   6)
143.497   (   2   2  12)
143.497   (  12   2   2)
145.848   (  12   3   1)
145.848   (   8   3   9)
145.848   (   9   3   8)
145.848   (   3   1  12)
145.848   (  12   1   3)
145.848   (   9   8   3)
151.048   (  11   1   6)
151.048   (   7   3  10)
151.048   (  11   6   1)
151.048   (  10   3   7)
151.048   (   6   1  11)
151.048   (  10   7   3)
153.995   (   4   0  12)
153.995   (  12   4   0)
153.995   (  12   0   4)
157.293   (   7   7   8)
157.293   (  11   5   4)
157.293   (   3   3  12)
157.293   (   5   4  11)
157.293   (   8   7   7)
157.293   (  11   4   5)
157.293   (   9   9   0)
157.293   (  12   3   3)
157.293   (   9   0   9)
161.125   (   8   0  10)
161.125   (  12   2   4)
161.125   (   4   2  12)
161.125   (   8   8   6)
161.125   (  10   0   8)
161.125   (  12   4   2)
161.125   (  10   8   0)
161.125   (   8   6   8)
165.921   (   9   2   9)
165.921   (   9   6   7)
165.921   (   9   7   6)
165.921   (   9   9   2)
165.921   (   6   3  11)
165.921   (  11   6   3)
165.921   (   7   6   9)
165.921   (  11   3   6)
173.563   (  10   2   8)
173.563   (   8   2  10)
173.563   (  10   8   2)
