10.000 588
10.020 523
10.040 457
10.060 564
10.080 540
10.100 449
10.120 432
10.140 473
10.160 538
10.180 438
10.200 441
10.220 383
10.240 439
10.260 573
10.280 569
10.300 510
10.320 467
10.340 515
10.360 570
10.380 573
10.400 511
10.420 589
10.440 473
10.460 484
10.480 514
10.500 457
10.520 502
10.540 464
10.560 498
10.580 513
10.600 545
10.620 540
10.640 550
10.660 441
10.680 406
10.700 531
10.720 600
10.740 462
10.760 549
10.780 553
10.800 505
10.820 464
10.840 480
10.860 484
10.880 545
10.900 538
10.920 520
10.940 483
10.960 524
10.980 543
11.000 446
11.020 447
11.040 515
11.060 498
11.080 497
11.100 554
11.120 538
11.140 457
11.160 431
11.180 600
11.200 567
11.220 542
11.240 502
11.260 588
11.280 607
11.300 520
11.320 555
11.340 618
11.360 458
11.380 589
11.400 474
11.420 469
11.440 518
11.460 512
11.480 519
11.500 496
11.520 542
11.540 623
11.560 565
11.580 492
11.600 464
11.620 449
11.640 613
11.660 543
11.680 621
11.700 570
11.720 481
11.740 513
11.760 567
11.780 606
11.800 561
11.820 547
11.840 506
11.860 557
11.880 584
11.900 507
11.920 504
11.940 561
11.960 568
11.980 674
12.000 551
12.020 573
12.040 597
12.060 534
12.080 570
12.100 632
12.120 620
12.140 495
12.160 601
12.180 580
12.200 684
12.220 570
12.240 564
12.260 565
12.280 621
12.300 568
12.320 718
12.340 653
12.360 581
12.380 656
12.400 675
12.420 621
12.440 676
12.460 686
12.480 660
12.500 667
12.520 703
12.540 579
12.560 705
12.580 708
12.600 637
12.620 671
12.640 693
12.660 748
12.680 718
12.700 710
12.720 749
12.740 797
12.760 775
12.780 712
12.800 907
12.820 811
12.840 873
12.860 824
12.880 907
12.900 811
12.920 929
12.940 967
12.960 982
12.980 966
13.000 1063
13.020 1014
13.040 1176
13.060 1139
13.080 1217
13.100 1344
13.120 1368
13.140 1609
13.160 1707
13.180 1694
13.200 1841
13.220 2024
13.240 2182
13.260 2555
13.280 2788
13.300 3152
13.320 3749
13.340 4373
13.360 5490
13.380 7325
13.400 10652
13.420 16532
13.440 26521
13.460 41682
13.480 61310
13.500 81427
13.520 94615
13.540 94420
13.560 81870
13.580 62356
13.600 43008
13.620 27720
13.640 17406
13.660 11156
13.680 7575
13.700 5704
13.720 4587
13.740 3804
13.760 3306
13.780 2837
13.800 2593
13.820 2182
13.840 2001
13.860 1846
13.880 1772
13.900 1635
13.920 1505
13.940 1424
13.960 1370
13.980 1189
14.000 1189
14.020 1021
14.040 1084
14.060 1061
14.080 1030
14.100 939
14.120 1010
14.140 971
14.160 924
14.180 931
14.200 968
14.220 782
14.240 837
14.260 892
14.280 808
14.300 745
14.320 812
14.340 715
14.360 811
14.380 698
14.400 751
14.420 690
14.440 738
14.460 729
14.480 642
14.500 714
14.520 699
14.540 667
14.560 708
14.580 634
14.600 650
14.620 730
14.640 625
14.660 653
14.680 641
14.700 685
14.720 541
14.740 680
14.760 615
14.780 638
14.800 629
14.820 560
14.840 636
14.860 597
14.880 705
14.900 541
14.920 608
14.940 637
14.960 615
14.980 469
15.000 669
15.020 587
15.040 569
15.060 719
15.080 542
15.100 580
15.120 600
15.140 511
15.160 547
15.180 526
15.200 590
15.220 535
15.240 624
15.260 600
15.280 542
15.300 595
15.320 632
15.340 627
15.360 576
15.380 609
15.400 642
15.420 608
15.440 620
15.460 576
15.480 623
15.500 554
15.520 559
15.540 548
15.560 556
15.580 548
15.600 567
15.620 555
15.640 645
15.660 551
15.680 537
15.700 550
15.720 560
15.740 712
15.760 574
15.780 569
15.800 552
15.820 580
15.840 524
15.860 569
15.880 580
15.900 610
15.920 546
15.940 563
15.960 631
15.980 560
16.000 503
16.020 545
16.040 568
16.060 586
16.080 580
16.100 563
16.120 545
16.140 496
16.160 660
16.180 531
16.200 506
16.220 606
16.240 632
16.260 588
16.280 526
16.300 622
16.320 588
16.340 527
16.360 590
16.380 560
16.400 619
16.420 574
16.440 597
16.460 611
16.480 529
16.500 554
16.520 598
16.540 490
16.560 540
16.580 633
16.600 584
16.620 608
16.640 566
16.660 518
16.680 604
16.700 546
16.720 533
16.740 607
16.760 506
16.780 534
16.800 546
16.820 458
16.840 577
16.860 577
16.880 563
16.900 655
16.920 539
16.940 520
16.960 597
16.980 617
17.000 603
17.020 593
17.040 564
17.060 481
17.080 640
17.100 564
17.120 633
17.140 607
17.160 568
17.180 544
17.200 546
17.220 533
17.240 651
17.260 629
17.280 583
17.300 538
17.320 627
17.340 542
17.360 531
17.380 587
17.400 585
17.420 572
17.440 464
17.460 578
17.480 525
17.500 486
17.520 645
17.540 562
17.560 474
17.580 567
17.600 565
17.620 599
17.640 536
17.660 469
17.680 636
17.700 487
17.720 559
17.740 576
17.760 553
17.780 670
17.800 504
17.820 618
17.840 599
17.860 515
17.880 570
17.900 619
17.920 529
17.940 552
17.960 573
17.980 542
18.000 505
18.020 520
18.040 581
18.060 532
18.080 532
18.100 568
18.120 601
18.140 568
18.160 559
18.180 563
18.200 556
18.220 641
18.240 550
18.260 517
18.280 547
18.300 637
18.320 615
18.340 490
18.360 565
18.380 536
18.400 509
18.420 563
18.440 643
18.460 603
18.480 619
18.500 486
18.520 490
18.540 497
18.560 601
18.580 530
18.600 581
18.620 491
18.640 614
18.660 629
18.680 431
18.700 515
18.720 541
18.740 519
18.760 536
18.780 534
18.800 656
18.820 636
18.840 531
18.860 591
18.880 584
18.900 509
18.920 572
18.940 648
18.960 582
18.980 593
19.000 588
19.020 557
19.040 591
19.060 578
19.080 522
19.100 597
19.120 534
19.140 526
19.160 522
19.180 529
19.200 584
19.220 621
19.240 636
19.260 563
19.280 601
19.300 434
19.320 537
19.340 523
19.360 526
19.380 569
19.400 617
19.420 490
19.440 592
19.460 459
19.480 603
19.500 571
19.520 529
19.540 593
19.560 658
19.580 577
19.600 557
19.620 615
19.640 511
19.660 584
19.680 595
19.700 503
19.720 493
19.740 619
19.760 709
19.780 512
19.800 511
19.820 507
19.840 583
19.860 652
19.880 636
19.900 510
19.920 522
19.940 529
19.960 536
19.980 654
20.000 563
20.020 554
20.040 623
20.060 513
20.080 606
20.100 544
20.120 560
20.140 500
20.160 603
20.180 584
20.200 553
20.220 539
20.240 618
20.260 598
20.280 582
20.300 573
20.320 562
20.340 549
20.360 572
20.380 550
20.400 650
20.420 597
20.440 578
20.460 571
20.480 615
20.500 454
20.520 588
20.540 513
20.560 572
20.580 544
20.600 597
20.620 597
20.640 555
20.660 616
20.680 636
20.700 538
20.720 597
20.740 546
20.760 584
20.780 622
20.800 624
20.820 543
20.840 635
20.860 610
20.880 545
20.900 561
20.920 590
20.940 589
20.960 529
20.980 685
21.000 687
21.020 644
21.040 568
21.060 617
21.080 606
21.100 627
21.120 581
21.140 567
21.160 590
21.180 627
21.200 580
21.220 647
21.240 572
21.260 532
21.280 662
21.300 523
21.320 566
21.340 643
21.360 563
21.380 585
21.400 647
21.420 592
21.440 555
21.460 652
21.480 600
21.500 559
21.520 598
21.540 565
21.560 687
21.580 602
21.600 574
21.620 512
21.640 585
21.660 627
21.680 625
21.700 539
21.720 554
21.740 590
21.760 579
21.780 581
21.800 518
21.820 657
21.840 701
21.860 560
21.880 686
21.900 658
21.920 589
21.940 581
21.960 600
21.980 591
22.000 593
22.020 661
22.040 653
22.060 582
22.080 560
22.100 591
22.120 703
22.140 615
22.160 675
22.180 650
22.200 718
22.220 558
22.240 613
22.260 742
22.280 700
22.300 607
22.320 588
22.340 506
22.360 676
22.380 699
22.400 716
22.420 607
22.440 580
22.460 715
22.480 608
22.500 764
22.520 599
22.540 715
22.560 674
22.580 664
22.600 741
22.620 772
22.640 714
22.660 766
22.680 855
22.700 766
22.720 700
22.740 810
22.760 778
22.780 775
22.800 892
22.820 906
22.840 949
22.860 967
22.880 1018
22.900 1044
22.920 1184
22.940 1219
22.960 1362
22.980 1578
23.000 1683
23.020 1991
23.040 2742
23.060 3873
23.080 5958
23.100 9383
23.120 13764
23.140 18752
23.160 22396
23.180 23188
23.200 21575
23.220 18524
23.240 14552
23.260 10544
23.280 7126
23.300 4636
23.320 3128
23.340 2325
23.360 1821
23.380 1591
23.400 1474
23.420 1215
23.440 1174
23.460 1052
23.480 1037
23.500 973
23.520 907
23.540 822
23.560 855
23.580 850
23.600 767
23.620 781
23.640 804
23.660 853
23.680 785
23.700 721
23.720 739
23.740 853
23.760 736
23.780 741
23.800 676
23.820 690
23.840 697
23.860 702
23.880 640
23.900 619
23.920 696
23.940 708
23.960 675
23.980 724
24.000 655
24.020 632
24.040 701
24.060 564
24.080 753
24.100 692
24.120 575
24.140 632
24.160 620
24.180 604
24.200 681
24.220 721
24.240 582
24.260 650
24.280 630
24.300 550
24.320 634
24.340 657
24.360 635
24.380 531
24.400 678
24.420 562
24.440 618
24.460 698
24.480 597
24.500 633
24.520 591
24.540 655
24.560 593
24.580 545
24.600 634
24.620 652
24.640 659
24.660 566
24.680 751
24.700 656
24.720 656
24.740 593
24.760 621
24.780 631
24.800 621
24.820 717
24.840 591
24.860 551
24.880 605
24.900 525
24.920 742
24.940 676
24.960 541
24.980 670
25.000 632
25.020 559
25.040 628
25.060 605
25.080 627
25.100 622
25.120 584
25.140 604
25.160 676
25.180 612
25.200 686
25.220 689
25.240 624
25.260 683
25.280 697
25.300 665
25.320 627
25.340 614
25.360 563
25.380 548
25.400 658
25.420 608
25.440 636
25.460 631
25.480 669
25.500 623
25.520 706
25.540 637
25.560 610
25.580 499
25.600 656
25.620 701
25.640 542
25.660 656
25.680 645
25.700 636
25.720 609
25.740 633
25.760 641
25.780 630
25.800 603
25.820 573
25.840 606
25.860 669
25.880 648
25.900 761
25.920 604
25.940 756
25.960 653
25.980 625
26.000 634
26.020 573
26.040 563
26.060 675
26.080 621
26.100 582
26.120 528
26.140 679
26.160 561
26.180 651
26.200 554
26.220 630
26.240 642
26.260 689
26.280 586
26.300 603
26.320 666
26.340 650
26.360 679
26.380 544
26.400 655
26.420 695
26.440 716
26.460 650
26.480 636
26.500 667
26.520 650
26.540 594
26.560 641
26.580 634
26.600 569
26.620 696
26.640 565
26.660 644
26.680 533
26.700 661
26.720 623
26.740 569
26.760 716
26.780 650
26.800 598
26.820 631
26.840 622
26.860 675
26.880 695
26.900 686
26.920 612
26.940 657
26.960 689
26.980 679
27.000 636
27.020 577
27.040 743
27.060 641
27.080 623
27.100 748
27.120 675
27.140 759
27.160 705
27.180 653
27.200 794
27.220 835
27.240 926
27.260 843
27.280 821
27.300 845
27.320 701
27.340 800
27.360 696
27.380 674
27.400 742
27.420 719
27.440 730
27.460 702
27.480 733
27.500 657
27.520 668
27.540 713
27.560 697
27.580 692
27.600 655
27.620 633
27.640 632
27.660 653
27.680 667
27.700 711
27.720 680
27.740 631
27.760 731
27.780 702
27.800 660
27.820 664
27.840 742
27.860 659
27.880 670
27.900 657
27.920 720
27.940 667
27.960 703
27.980 715
28.000 712
28.020 734
28.040 721
28.060 682
28.080 602
28.100 582
28.120 720
28.140 691
28.160 684
28.180 660
28.200 806
28.220 613
28.240 696
28.260 693
28.280 693
28.300 695
28.320 677
28.340 704
28.360 705
28.380 715
28.400 691
28.420 646
28.440 699
28.460 712
28.480 716
28.500 806
28.520 741
28.540 690
28.560 724
28.580 636
28.600 742
28.620 657
28.640 733
28.660 676
28.680 701
28.700 666
28.720 775
28.740 774
28.760 779
28.780 763
28.800 733
28.820 710
28.840 869
28.860 821
28.880 882
28.900 838
28.920 765
28.940 771
28.960 696
28.980 821
29.000 767
29.020 795
29.040 856
29.060 808
29.080 888
29.100 968
29.120 848
29.140 773
29.160 809
29.180 886
29.200 785
29.220 868
29.240 850
29.260 945
29.280 905
29.300 978
29.320 827
29.340 918
29.360 915
29.380 912
29.400 962
29.420 878
29.440 1080
29.460 981
29.480 932
29.500 978
29.520 1029
29.540 1030
29.560 1059
29.580 1103
29.600 1170
29.620 1085
29.640 1194
29.660 1196
29.680 1216
29.700 1371
29.720 1271
29.740 1398
29.760 1565
29.780 1521
29.800 1558
29.820 1679
29.840 1703
29.860 1861
29.880 1994
29.900 2184
29.920 2507
29.940 2561
29.960 2803
29.980 3070
30.000 3408
30.020 4063
30.040 4558
30.060 5402
30.080 6648
30.100 8884
30.120 12900
30.140 20276
30.160 32841
30.180 51283
30.200 74268
30.220 95704
30.240 106623
30.260 103603
30.280 93771
30.300 82246
30.320 68401
30.340 51969
30.360 36400
30.380 24157
30.400 15702
30.420 10510
30.440 7559
30.460 5905
30.480 4805
30.500 4140
30.520 3672
30.540 3227
30.560 2875
30.580 2730
30.600 2473
30.620 2390
30.640 2245
30.660 2027
30.680 2021
30.700 1850
30.720 1803
30.740 1785
30.760 1690
30.780 1674
30.800 1599
30.820 1645
30.840 1663
30.860 1535
30.880 1582
30.900 1608
30.920 1515
30.940 1573
30.960 1699
30.980 1722
31.000 1552
31.020 1692
31.040 1824
31.060 1890
31.080 1831
31.100 1943
31.120 2021
31.140 2063
31.160 2270
31.180 2427
31.200 2580
31.220 2854
31.240 3070
31.260 3414
31.280 3898
31.300 4378
31.320 5189
31.340 6181
31.360 8026
31.380 11203
31.400 17321
31.420 27974
31.440 44370
31.460 65941
31.480 88381
31.500 102998
31.520 103451
31.540 94658
31.560 84007
31.580 72477
31.600 57913
31.620 42440
31.640 28656
31.660 18916
31.680 12372
31.700 8603
31.720 6373
31.740 5018
31.760 4272
31.780 3751
31.800 3261
31.820 2922
31.840 2661
31.860 2427
31.880 2230
31.900 1975
31.920 1969
31.940 1781
31.960 1715
31.980 1592
32.000 1591
32.020 1505
32.040 1355
32.060 1418
32.080 1355
32.100 1208
32.120 1302
32.140 1199
32.160 1251
32.180 1156
32.200 1166
32.220 1111
32.240 1114
32.260 1111
32.280 1087
32.300 1028
32.320 1004
32.340 905
32.360 1027
32.380 1037
32.400 925
32.420 895
32.440 947
32.460 943
32.480 928
32.500 854
32.520 857
32.540 813
32.560 852
32.580 792
32.600 809
32.620 823
32.640 863
32.660 859
32.680 868
32.700 838
32.720 729
32.740 833
32.760 821
32.780 805
32.800 879
32.820 801
32.840 778
32.860 792
32.880 783
32.900 759
32.920 882
32.940 731
32.960 821
32.980 754
33.000 704
33.020 701
33.040 781
33.060 821
33.080 847
33.100 791
33.120 679
33.140 717
33.160 786
33.180 798
33.200 806
33.220 819
33.240 753
33.260 754
33.280 759
33.300 817
33.320 755
33.340 750
33.360 802
33.380 761
33.400 701
33.420 642
33.440 805
33.460 675
33.480 711
33.500 664
33.520 775
33.540 783
33.560 768
33.580 771
33.600 730
33.620 689
33.640 771
33.660 813
33.680 740
33.700 749
33.720 689
33.740 698
33.760 813
33.780 746
33.800 783
33.820 714
33.840 684
33.860 683
33.880 755
33.900 761
33.920 767
33.940 776
33.960 735
33.980 780
34.000 659
34.020 843
34.040 810
34.060 787
34.080 734
34.100 761
34.120 737
34.140 865
34.160 776
34.180 799
34.200 753
34.220 852
34.240 809
34.260 852
34.280 868
34.300 1015
34.320 1257
34.340 1581
34.360 1975
34.380 2576
34.400 3175
34.420 3627
34.440 3488
34.460 3266
34.480 2981
34.500 2682
34.520 2287
34.540 1979
34.560 1583
34.580 1282
34.600 1022
34.620 964
34.640 814
34.660 799
34.680 771
34.700 832
34.720 784
34.740 797
34.760 809
34.780 746
34.800 761
34.820 721
34.840 708
34.860 713
34.880 656
34.900 700
34.920 724
34.940 683
34.960 762
34.980 674
35.000 754
35.020 645
35.040 711
35.060 650
35.080 652
35.100 697
35.120 726
35.140 722
35.160 706
35.180 706
35.200 738
35.220 697
35.240 743
35.260 605
35.280 680
35.300 701
35.320 814
35.340 689
35.360 743
35.380 736
35.400 683
35.420 656
35.440 749
35.460 661
35.480 784
35.500 728
35.520 741
35.540 663
35.560 710
35.580 669
35.600 736
35.620 723
35.640 650
35.660 702
35.680 724
35.700 703
35.720 804
35.740 720
35.760 640
35.780 685
35.800 680
35.820 689
35.840 721
35.860 736
35.880 680
35.900 733
35.920 755
35.940 745
35.960 673
35.980 708
36.000 718
36.020 633
36.040 658
36.060 605
36.080 687
36.100 606
36.120 768
36.140 698
36.160 711
36.180 657
36.200 766
36.220 668
36.240 699
36.260 648
36.280 708
36.300 622
36.320 708
36.340 693
36.360 638
36.380 746
36.400 601
36.420 651
36.440 731
36.460 747
36.480 758
36.500 661
36.520 724
36.540 642
36.560 660
36.580 730
36.600 620
36.620 646
36.640 701
36.660 681
36.680 704
36.700 708
36.720 629
36.740 721
36.760 755
36.780 808
36.800 744
36.820 657
36.840 732
36.860 665
36.880 733
36.900 715
36.920 711
36.940 759
36.960 697
36.980 743
37.000 635
37.020 666
37.040 657
37.060 721
37.080 790
37.100 742
37.120 632
37.140 770
37.160 753
37.180 689
37.200 707
37.220 776
37.240 669
37.260 717
37.280 694
37.300 591
37.320 724
37.340 598
37.360 726
37.380 658
37.400 671
37.420 658
37.440 633
37.460 663
37.480 647
37.500 697
37.520 758
37.540 771
37.560 719
37.580 789
37.600 689
37.620 691
37.640 701
37.660 688
37.680 704
37.700 707
37.720 688
37.740 690
37.760 601
37.780 669
37.800 713
37.820 731
37.840 679
37.860 684
37.880 732
37.900 843
37.920 639
37.940 736
37.960 680
37.980 743
38.000 743
38.020 722
38.040 793
38.060 712
38.080 772
38.100 818
38.120 640
38.140 652
38.160 659
38.180 656
38.200 788
38.220 728
38.240 741
38.260 686
38.280 735
38.300 613
38.320 712
38.340 722
38.360 796
38.380 756
38.400 709
38.420 723
38.440 777
38.460 784
38.480 578
38.500 593
38.520 700
38.540 724
38.560 710
38.580 656
38.600 784
38.620 736
38.640 746
38.660 702
38.680 629
38.700 788
38.720 727
38.740 744
38.760 730
38.780 746
38.800 606
38.820 742
38.840 672
38.860 762
38.880 836
38.900 847
38.920 725
38.940 695
38.960 671
38.980 748
39.000 696
39.020 684
39.040 738
39.060 750
39.080 679
39.100 719
39.120 725
39.140 781
39.160 688
39.180 722
39.200 844
39.220 754
39.240 737
39.260 704
39.280 751
39.300 886
39.320 758
39.340 799
39.360 843
39.380 789
39.400 738
39.420 691
39.440 688
39.460 785
39.480 667
39.500 766
39.520 657
39.540 720
39.560 818
39.580 713
39.600 739
39.620 769
39.640 637
39.660 677
39.680 779
39.700 770
39.720 815
39.740 761
39.760 687
39.780 692
39.800 727
39.820 798
39.840 822
39.860 799
39.880 817
39.900 755
39.920 771
39.940 752
39.960 796
39.980 737
40.000 771
40.020 818
40.040 782
40.060 693
40.080 815
40.100 708
40.120 794
40.140 813
40.160 765
40.180 748
40.200 781
40.220 907
40.240 800
40.260 908
40.280 806
40.300 810
40.320 876
40.340 842
40.360 873
40.380 928
40.400 877
40.420 912
40.440 853
40.460 940
40.480 873
40.500 974
40.520 933
40.540 932
40.560 884
40.580 943
40.600 965
40.620 968
40.640 990
40.660 997
40.680 1090
40.700 1124
40.720 1064
40.740 1103
40.760 1134
40.780 1124
40.800 1262
40.820 1254
40.840 1367
40.860 1528
40.880 1477
40.900 1675
40.920 1807
40.940 1908
40.960 2157
40.980 2390
41.000 2904
41.020 3672
41.040 5197
41.060 7900
41.080 11950
41.100 17186
41.120 22178
41.140 24636
41.160 23492
41.180 20770
41.200 18654
41.220 18236
41.240 18715
41.260 19609
41.280 21346
41.300 25479
41.320 32014
41.340 38645
41.360 41321
41.380 38104
41.400 32421
41.420 28055
41.440 26182
41.460 24692
41.480 21576
41.500 16767
41.520 11923
41.540 7958
41.560 5427
41.580 4067
41.600 3185
41.620 2768
41.640 2357
41.660 2160
41.680 2084
41.700 1846
41.720 1821
41.740 1776
41.760 1720
41.780 1617
41.800 1654
41.820 1677
41.840 1672
41.860 1799
41.880 1848
41.900 1814
41.920 1983
41.940 2113
41.960 2456
41.980 2930
42.000 3791
42.020 5584
42.040 8680
42.060 13399
42.080 19249
42.100 24512
42.120 26824
42.140 24762
42.160 21066
42.180 18213
42.200 17081
42.220 16367
42.240 14468
42.260 11310
42.280 8128
42.300 5514
42.320 3897
42.340 2747
42.360 2175
42.380 1936
42.400 1760
42.420 1549
42.440 1412
42.460 1450
42.480 1235
42.500 1355
42.520 1142
42.540 1220
42.560 1119
42.580 1060
42.600 1007
42.620 1025
42.640 1097
42.660 1015
42.680 984
42.700 971
42.720 973
42.740 964
42.760 926
42.780 943
42.800 908
42.820 959
42.840 842
42.860 819
42.880 868
42.900 810
42.920 858
42.940 758
42.960 906
42.980 922
43.000 922
43.020 881
43.040 813
43.060 807
43.080 767
43.100 866
43.120 811
43.140 874
43.160 812
43.180 814
43.200 793
43.220 796
43.240 730
43.260 809
43.280 800
43.300 827
43.320 835
43.340 810
43.360 704
43.380 864
43.400 820
43.420 951
43.440 780
43.460 819
43.480 871
43.500 796
43.520 902
43.540 827
43.560 806
43.580 886
43.600 789
43.620 905
43.640 885
43.660 799
43.680 761
43.700 878
43.720 743
43.740 886
43.760 922
43.780 813
43.800 860
43.820 842
43.840 871
43.860 879
43.880 859
43.900 889
43.920 939
43.940 841
43.960 833
43.980 801
44.000 895
44.020 971
44.040 945
44.060 900
44.080 865
44.100 850
44.120 927
44.140 807
44.160 858
44.180 907
44.200 896
44.220 885
44.240 911
44.260 848
44.280 882
44.300 953
44.320 936
44.340 839
44.360 896
44.380 896
44.400 928
44.420 988
44.440 1021
44.460 975
44.480 1057
44.500 1099
44.520 1094
44.540 1007
44.560 1212
44.580 1202
44.600 1237
44.620 1127
44.640 1280
44.660 1212
44.680 1314
44.700 1418
44.720 1341
44.740 1445
44.760 1476
44.780 1671
44.800 1671
44.820 1796
44.840 1954
44.860 2051
44.880 2250
44.900 2507
44.920 2811
44.940 3077
44.960 3436
44.980 4142
45.000 5119
45.020 6863
45.040 10069
45.060 16109
45.080 26428
45.100 41542
45.120 58960
45.140 72411
45.160 74120
45.180 64537
45.200 52834
45.220 45535
45.240 43791
45.260 43858
45.280 40097
45.300 31853
45.320 22562
45.340 14820
45.360 9553
45.380 6412
45.400 4781
45.420 3743
45.440 3284
45.460 2831
45.480 2549
45.500 2229
45.520 2132
45.540 1813
45.560 1802
45.580 1811
45.600 1518
45.620 1470
45.640 1427
45.660 1398
45.680 1412
45.700 1208
45.720 1330
45.740 1210
45.760 1065
45.780 1149
45.800 1086
45.820 1113
45.840 1006
45.860 1126
45.880 1048
45.900 956
45.920 994
45.940 992
45.960 1071
45.980 957
46.000 940
46.020 889
46.040 995
46.060 955
46.080 908
46.100 958
46.120 946
46.140 938
46.160 899
46.180 841
46.200 960
46.220 1020
46.240 935
46.260 813
46.280 908
46.300 882
46.320 879
46.340 877
46.360 851
46.380 846
46.400 888
46.420 865
46.440 867
46.460 890
46.480 815
46.500 807
46.520 919
46.540 845
46.560 808
46.580 830
46.600 786
46.620 772
46.640 780
46.660 872
46.680 821
46.700 829
46.720 787
46.740 853
46.760 898
46.780 787
46.800 827
46.820 954
46.840 850
46.860 856
46.880 861
46.900 875
46.920 847
46.940 881
46.960 850
46.980 902
47.000 965
47.020 965
47.040 990
47.060 991
47.080 936
47.100 1042
47.120 1054
47.140 1096
47.160 1230
47.180 1282
47.200 1336
47.220 1586
47.240 2139
47.260 3070
47.280 4552
47.300 6587
47.320 9008
47.340 10723
47.360 10702
47.380 9210
47.400 7560
47.420 6537
47.440 6377
47.460 6524
47.480 6209
47.500 5259
47.520 4020
47.540 2939
47.560 2005
47.580 1642
47.600 1341
47.620 1168
47.640 1106
47.660 1076
47.680 962
47.700 931
47.720 936
47.740 969
47.760 882
47.780 978
47.800 976
47.820 886
47.840 900
47.860 980
47.880 813
47.900 884
47.920 893
47.940 844
47.960 896
47.980 773
48.000 861
48.020 768
48.040 750
48.060 824
48.080 895
48.100 813
48.120 820
48.140 741
48.160 780
48.180 765
48.200 738
48.220 700
48.240 774
48.260 754
48.280 747
48.300 798
48.320 796
48.340 780
48.360 715
48.380 834
48.400 784
48.420 765
48.440 799
48.460 664
48.480 799
48.500 760
48.520 820
48.540 830
48.560 763
48.580 790
48.600 782
48.620 848
48.640 759
48.660 757
48.680 754
48.700 710
48.720 775
48.740 785
48.760 775
48.780 786
48.800 731
48.820 834
48.840 767
48.860 742
48.880 749
48.900 805
48.920 802
48.940 754
48.960 689
48.980 796
49.000 806
49.020 753
49.040 780
49.060 873
49.080 824
49.100 793
49.120 673
49.140 826
49.160 738
49.180 808
49.200 768
49.220 626
49.240 855
49.260 729
49.280 735
49.300 874
49.320 735
49.340 770
49.360 710
49.380 707
49.400 851
49.420 774
49.440 816
49.460 753
49.480 687
49.500 771
49.520 671
49.540 741
49.560 685
49.580 763
49.600 774
49.620 794
49.640 737
49.660 762
49.680 688
49.700 783
49.720 768
49.740 704
49.760 688
49.780 734
49.800 842
49.820 746
49.840 720
49.860 677
49.880 763
49.900 743
49.920 680
49.940 790
49.960 776
49.980 812
50.000 780
50.020 686
50.040 810
50.060 869
50.080 729
50.100 813
50.120 804
50.140 743
50.160 733
50.180 843
50.200 723
50.220 743
50.240 777
50.260 872
50.280 747
50.300 876
50.320 774
50.340 774
50.360 782
50.380 716
50.400 769
50.420 757
50.440 805
50.460 777
50.480 721
50.500 774
50.520 853
50.540 697
50.560 813
50.580 802
50.600 834
50.620 787
50.640 808
50.660 796
50.680 783
50.700 763
50.720 797
50.740 894
50.760 805
50.780 819
50.800 776
50.820 759
50.840 767
50.860 863
50.880 788
50.900 761
50.920 816
50.940 809
50.960 883
50.980 798
51.000 829
51.020 815
51.040 933
51.060 856
51.080 879
51.100 907
51.120 946
51.140 920
51.160 886
51.180 928
51.200 932
51.220 1111
51.240 1302
51.260 1636
51.280 2214
51.300 3033
51.320 3869
51.340 4586
51.360 4314
51.380 3700
51.400 2958
51.420 2637
51.440 2584
51.460 2725
51.480 2926
51.500 2617
51.520 2134
51.540 1760
51.560 1375
51.580 1202
51.600 1075
51.620 955
51.640 891
51.660 840
51.680 899
51.700 932
51.720 881
51.740 832
51.760 874
51.780 947
51.800 798
51.820 852
51.840 864
51.860 794
51.880 844
51.900 856
51.920 816
51.940 900
51.960 867
51.980 879
52.000 750
52.020 832
52.040 822
52.060 820
52.080 917
52.100 803
52.120 940
52.140 899
52.160 833
52.180 847
52.200 859
52.220 786
52.240 820
52.260 903
52.280 905
52.300 955
52.320 865
52.340 987
52.360 970
52.380 909
52.400 975
52.420 937
52.440 1002
52.460 1005
52.480 1067
52.500 1023
52.520 1059
52.540 1083
52.560 1110
52.580 1088
52.600 1166
52.620 1184
52.640 1333
52.660 1287
52.680 1541
52.700 1513
52.720 1745
52.740 1967
52.760 2396
52.780 3227
52.800 4587
52.820 7267
52.840 11426
52.860 16908
52.880 22195
52.900 24306
52.920 21888
52.940 17118
52.960 13123
52.980 11215
53.000 11565
53.020 12904
53.040 13448
53.060 11908
53.080 9188
53.100 6272
53.120 4253
53.140 2943
53.160 2173
53.180 1767
53.200 1628
53.220 1506
53.240 1316
53.260 1283
53.280 1185
53.300 1147
53.320 1086
53.340 1058
53.360 1011
53.380 1109
53.400 1052
53.420 930
53.440 1012
53.460 994
53.480 1018
53.500 1028
53.520 968
53.540 968
53.560 984
53.580 961
53.600 895
53.620 956
53.640 893
53.660 964
53.680 981
53.700 900
53.720 893
53.740 867
53.760 866
53.780 870
53.800 879
53.820 792
53.840 882
53.860 884
53.880 883
53.900 819
53.920 864
53.940 944
53.960 825
53.980 931
54.000 919
54.020 1035
54.040 1053
54.060 1075
54.080 1057
54.100 1179
54.120 953
54.140 932
54.160 972
54.180 950
54.200 997
54.220 947
54.240 942
54.260 1014
54.280 915
54.300 1003
54.320 855
54.340 805
54.360 801
54.380 869
54.400 892
54.420 923
54.440 905
54.460 909
54.480 900
54.500 837
54.520 897
54.540 863
54.560 904
54.580 957
54.600 908
54.620 851
54.640 928
54.660 860
54.680 948
54.700 987
54.720 952
54.740 897
54.760 1030
54.780 979
54.800 1003
54.820 1053
54.840 1060
54.860 1067
54.880 1059
54.900 1056
54.920 1068
54.940 1201
54.960 1184
54.980 1264
55.000 1317
55.020 1399
55.040 1436
55.060 1501
55.080 1645
55.100 1755
55.120 1977
55.140 2317
55.160 2741
55.180 3476
55.200 5103
55.220 8072
55.240 13184
55.260 20204
55.280 27986
55.300 32743
55.320 31043
55.340 24716
55.360 18322
55.380 14384
55.400 13633
55.420 15338
55.440 17548
55.460 17669
55.480 14831
55.500 10774
55.520 7202
55.540 4684
55.560 3308
55.580 2534
55.600 2066
55.620 1841
55.640 1730
55.660 1524
55.680 1421
55.700 1356
55.720 1300
55.740 1256
55.760 1274
55.780 1201
55.800 1231
55.820 1230
55.840 1051
55.860 1047
55.880 1112
55.900 1157
55.920 1118
55.940 1121
55.960 1143
55.980 1249
56.000 1254
56.020 1311
56.040 1370
56.060 1630
56.080 2088
56.100 2804
56.120 4152
56.140 5867
56.160 7420
56.180 7944
56.200 7128
56.220 5571
56.240 4259
56.260 3597
56.280 3693
56.300 4167
56.320 4493
56.340 4461
56.360 3698
56.380 2765
56.400 2103
56.420 1605
56.440 1310
56.460 1149
56.480 1182
56.500 1048
56.520 1035
56.540 1098
56.560 1025
56.580 976
56.600 952
56.620 796
56.640 892
56.660 920
56.680 912
56.700 918
56.720 885
56.740 819
56.760 877
56.780 823
56.800 883
56.820 841
56.840 804
56.860 798
56.880 817
56.900 815
56.920 842
56.940 861
56.960 717
56.980 754
57.000 884
57.020 807
57.040 867
57.060 867
57.080 837
57.100 776
57.120 904
57.140 793
57.160 796
57.180 841
57.200 844
57.220 759
57.240 760
57.260 802
57.280 830
57.300 826
57.320 708
57.340 840
57.360 884
57.380 761
57.400 830
57.420 861
57.440 793
57.460 753
57.480 854
57.500 855
57.520 805
57.540 817
57.560 777
57.580 743
57.600 822
57.620 860
57.640 808
57.660 768
57.680 872
57.700 750
57.720 811
57.740 846
57.760 814
57.780 698
57.800 846
57.820 758
57.840 907
57.860 840
57.880 751
57.900 820
57.920 738
57.940 836
57.960 791
57.980 812
58.000 833
58.020 850
58.040 772
58.060 764
58.080 823
58.100 793
58.120 984
58.140 834
58.160 793
58.180 828
58.200 836
58.220 752
58.240 790
58.260 842
58.280 820
58.300 919
58.320 837
58.340 795
58.360 875
58.380 877
58.400 856
58.420 841
58.440 787
58.460 833
58.480 804
58.500 869
58.520 809
58.540 863
58.560 783
58.580 851
58.600 852
58.620 819
58.640 724
58.660 746
58.680 841
58.700 779
58.720 834
58.740 768
58.760 832
58.780 839
58.800 779
58.820 726
58.840 851
58.860 899
58.880 910
58.900 850
58.920 829
58.940 755
58.960 909
58.980 816
59.000 852
59.020 803
59.040 778
59.060 802
59.080 837
59.100 905
59.120 686
59.140 825
59.160 854
59.180 851
59.200 860
59.220 796
59.240 870
59.260 735
59.280 799
59.300 861
59.320 761
59.340 750
59.360 813
59.380 826
59.400 813
59.420 808
59.440 862
59.460 799
59.480 836
59.500 863
59.520 906
59.540 874
59.560 848
59.580 798
59.600 844
59.620 939
59.640 898
59.660 811
59.680 776
59.700 815
59.720 789
59.740 872
59.760 808
59.780 783
59.800 863
59.820 829
59.840 793
59.860 913
59.880 778
59.900 784
59.920 838
59.940 787
59.960 957
59.980 898
60.000 786
60.020 847
60.040 851
60.060 957
60.080 786
60.100 909
60.120 780
60.140 822
60.160 834
60.180 872
60.200 837
60.220 764
60.240 751
60.260 862
60.280 839
60.300 875
60.320 805
60.340 827
60.360 804
60.380 774
60.400 853
60.420 817
60.440 809
60.460 853
60.480 880
60.500 848
60.520 872
60.540 912
60.560 825
60.580 829
60.600 854
60.620 820
60.640 823
60.660 860
60.680 811
60.700 760
60.720 811
60.740 783
60.760 929
60.780 815
60.800 917
60.820 823
60.840 776
60.860 780
60.880 835
60.900 764
60.920 812
60.940 761
60.960 801
60.980 912
61.000 935
61.020 783
61.040 859
61.060 853
61.080 837
61.100 851
61.120 829
61.140 829
61.160 849
61.180 870
61.200 811
61.220 907
61.240 854
61.260 843
61.280 875
61.300 833
61.320 869
61.340 886
61.360 971
61.380 753
61.400 841
61.420 889
61.440 929
61.460 868
61.480 859
61.500 863
61.520 855
61.540 893
61.560 947
61.580 874
61.600 891
61.620 937
61.640 840
61.660 916
61.680 796
61.700 792
61.720 792
61.740 745
61.760 938
61.780 843
61.800 894
61.820 1003
61.840 775
61.860 861
61.880 908
61.900 870
61.920 935
61.940 912
61.960 891
61.980 855
62.000 897
62.020 939
62.040 877
62.060 939
62.080 958
62.100 985
62.120 962
62.140 964
62.160 1001
62.180 995
62.200 937
62.220 1053
62.240 1031
62.260 989
62.280 1028
62.300 1088
62.320 1091
62.340 1065
62.360 1169
62.380 1197
62.400 1168
62.420 1144
62.440 1223
62.460 1250
62.480 1333
62.500 1460
62.520 1446
62.540 1733
62.560 1750
62.580 1899
62.600 2344
62.620 3043
62.640 4313
62.660 6253
62.680 8956
62.700 11607
62.720 12709
62.740 11960
62.760 10379
62.780 9901
62.800 11719
62.820 16893
62.840 25091
62.860 33533
62.880 37893
62.900 34569
62.920 26249
62.940 17978
62.960 12623
62.980 10549
63.000 11526
63.020 14331
63.040 17150
63.060 17558
63.080 14702
63.100 10674
63.120 7034
63.140 4636
63.160 3146
63.180 2508
63.200 2109
63.220 1865
63.240 1676
63.260 1604
63.280 1507
63.300 1418
63.320 1371
63.340 1274
63.360 1173
63.380 1130
63.400 1181
63.420 1199
63.440 1143
63.460 1122
63.480 1089
63.500 1137
63.520 1071
63.540 1035
63.560 872
63.580 887
63.600 1001
63.620 1028
63.640 850
63.660 980
63.680 1012
63.700 891
63.720 964
63.740 899
63.760 1001
63.780 992
63.800 936
63.820 899
63.840 966
63.860 875
63.880 906
63.900 910
63.920 954
63.940 868
63.960 927
63.980 901
64.000 795
64.020 871
64.040 895
64.060 857
64.080 918
64.100 895
64.120 968
64.140 906
64.160 877
64.180 819
64.200 779
64.220 949
64.240 995
64.260 870
64.280 891
64.300 876
64.320 868
64.340 908
64.360 912
64.380 887
64.400 868
64.420 896
64.440 885
64.460 917
64.480 835
64.500 876
64.520 949
64.540 999
64.560 887
64.580 780
64.600 939
64.620 899
64.640 885
64.660 887
64.680 893
64.700 986
64.720 844
64.740 918
64.760 872
64.780 856
64.800 916
64.820 858
64.840 951
64.860 791
64.880 923
64.900 975
64.920 849
64.940 966
64.960 898
64.980 929
65.000 925
65.020 924
65.040 866
65.060 867
65.080 882
65.100 1022
65.120 906
65.140 962
65.160 1053
65.180 869
65.200 960
65.220 981
65.240 952
65.260 994
65.280 1028
65.300 951
65.320 1011
65.340 1010
65.360 1105
65.380 1064
65.400 1003
65.420 1108
65.440 1078
65.460 1184
65.480 1200
65.500 1203
65.520 1302
65.540 1392
65.560 1511
65.580 1613
65.600 1686
65.620 1956
65.640 2281
65.660 3236
65.680 4830
65.700 7640
65.720 11812
65.740 16407
65.760 19481
65.780 18812
65.800 15908
65.820 12898
65.840 10499
65.860 8863
65.880 8122
65.900 8617
65.920 9829
65.940 10930
65.960 10655
65.980 9053
66.000 7302
66.020 5895
66.040 4564
66.060 3525
66.080 2712
66.100 2061
66.120 1708
66.140 1445
66.160 1315
66.180 1344
66.200 1224
66.220 1132
66.240 1111
66.260 1149
66.280 1018
66.300 1016
66.320 1002
66.340 982
66.360 1099
66.380 1076
66.400 1030
66.420 967
66.440 917
66.460 875
66.480 981
66.500 878
66.520 925
66.540 900
66.560 961
66.580 833
66.600 859
66.620 918
66.640 912
66.660 880
66.680 905
66.700 929
66.720 857
66.740 1028
66.760 969
66.780 866
66.800 927
66.820 905
66.840 988
66.860 892
66.880 960
66.900 883
66.920 962
66.940 947
66.960 871
66.980 944
67.000 998
67.020 870
67.040 832
67.060 809
67.080 894
67.100 889
67.120 985
67.140 983
67.160 894
67.180 908
67.200 934
67.220 907
67.240 1020
67.260 966
67.280 884
67.300 888
67.320 975
67.340 1049
67.360 1135
67.380 1120
67.400 1267
67.420 1666
67.440 2105
67.460 2691
67.480 3399
67.500 3591
67.520 3002
67.540 2367
67.560 1763
67.580 1584
67.600 1481
67.620 1526
67.640 1718
67.660 2041
67.680 2297
67.700 2165
67.720 1809
67.740 1501
67.760 1231
67.780 1178
67.800 990
67.820 923
67.840 937
67.860 1009
67.880 1016
67.900 904
67.920 969
67.940 971
67.960 937
67.980 909
68.000 845
68.020 906
68.040 900
68.060 906
68.080 954
68.100 943
68.120 860
68.140 872
68.160 938
68.180 854
68.200 856
68.220 924
68.240 872
68.260 911
68.280 910
68.300 953
68.320 951
68.340 922
68.360 938
68.380 1016
68.400 906
68.420 984
68.440 1008
68.460 1191
68.480 1285
68.500 1670
68.520 2198
68.540 3059
68.560 3949
68.580 4396
68.600 4051
68.620 3236
68.640 2363
68.660 1826
68.680 1623
68.700 1568
68.720 1798
68.740 2207
68.760 2594
68.780 2672
68.800 2345
68.820 1918
68.840 1499
68.860 1220
68.880 1078
68.900 1033
68.920 963
68.940 935
68.960 971
68.980 893
69.000 996
69.020 953
69.040 864
69.060 865
69.080 928
69.100 917
69.120 930
69.140 1007
69.160 965
69.180 908
69.200 925
69.220 826
69.240 952
69.260 871
69.280 827
69.300 909
69.320 832
69.340 886
69.360 845
69.380 927
69.400 874
69.420 917
69.440 870
69.460 811
69.480 777
69.500 943
69.520 762
69.540 894
69.560 823
69.580 893
69.600 936
69.620 896
69.640 883
69.660 931
69.680 898
69.700 986
69.720 914
69.740 940
69.760 851
69.780 872
69.800 888
69.820 795
69.840 903
69.860 931
69.880 939
69.900 789
69.920 867
69.940 811
69.960 856
69.980 944
70.000 835
70.020 887
70.040 844
70.060 861
70.080 922
70.100 841
70.120 820
70.140 840
70.160 941
70.180 805
70.200 888
70.220 801
70.240 904
70.260 768
70.280 867
70.300 852
70.320 821
70.340 904
70.360 846
70.380 904
70.400 876
70.420 849
70.440 920
70.460 822
70.480 943
70.500 909
70.520 878
70.540 996
70.560 912
70.580 887
70.600 842
70.620 851
70.640 899
70.660 960
70.680 1112
70.700 1228
70.720 1344
70.740 1363
70.760 1275
70.780 1305
70.800 1065
70.820 1064
70.840 917
70.860 1010
70.880 1054
70.900 1049
70.920 1091
70.940 1061
70.960 1102
70.980 1007
71.000 998
71.020 986
71.040 866
71.060 946
71.080 992
71.100 933
71.120 829
71.140 876
71.160 962
71.180 901
71.200 800
71.220 989
71.240 896
71.260 888
71.280 864
71.300 927
71.320 869
71.340 887
71.360 982
71.380 845
71.400 857
71.420 889
71.440 827
71.460 819
71.480 870
71.500 891
71.520 848
71.540 884
71.560 924
71.580 840
71.600 922
71.620 900
71.640 933
71.660 952
71.680 906
71.700 924
71.720 926
71.740 919
71.760 816
71.780 816
71.800 814
71.820 877
71.840 891
71.860 881
71.880 910
71.900 887
71.920 921
71.940 874
71.960 863
71.980 833
72.000 871
72.020 856
72.040 859
72.060 924
72.080 862
72.100 1083
72.120 892
72.140 899
72.160 881
72.180 880
72.200 974
72.220 827
72.240 948
72.260 864
72.280 976
72.300 939
72.320 964
72.340 827
72.360 934
72.380 882
72.400 882
72.420 894
72.440 844
72.460 974
72.480 895
72.500 881
72.520 894
72.540 959
72.560 889
72.580 879
72.600 973
72.620 891
72.640 759
72.660 867
72.680 901
72.700 794
72.720 886
72.740 874
72.760 845
72.780 854
72.800 912
72.820 928
72.840 915
72.860 943
72.880 917
72.900 901
72.920 953
72.940 953
72.960 944
72.980 996
73.000 1005
73.020 1024
73.040 1016
73.060 970
73.080 883
73.100 878
73.120 899
73.140 820
73.160 994
73.180 950
73.200 968
73.220 965
73.240 929
73.260 1012
73.280 896
73.300 892
73.320 913
73.340 910
73.360 870
73.380 960
73.400 890
73.420 907
73.440 928
73.460 922
73.480 1015
73.500 989
73.520 945
73.540 959
73.560 922
73.580 873
73.600 880
73.620 825
73.640 1006
73.660 933
73.680 971
73.700 924
73.720 915
73.740 1015
73.760 951
73.780 1021
73.800 1007
73.820 1022
73.840 1004
73.860 1057
73.880 1063
73.900 1102
73.920 1290
73.940 1333
73.960 1618
73.980 1995
74.000 2848
74.020 4044
74.040 5703
74.060 6962
74.080 7011
74.100 5717
74.120 4124
74.140 2980
74.160 2070
74.180 1850
74.200 1959
74.220 2229
74.240 2915
74.260 3742
74.280 4161
74.300 3941
74.320 3218
74.340 2411
74.360 1825
74.380 1499
74.400 1426
74.420 1279
74.440 1277
74.460 1331
74.480 1232
74.500 1349
74.520 1338
74.540 1410
74.560 1432
74.580 1640
74.600 1598
74.620 1977
74.640 2461
74.660 3423
74.680 5254
74.700 7919
74.720 11199
74.740 13824
74.760 14812
74.780 14526
74.800 14380
74.820 13294
74.840 10938
74.860 8244
74.880 6216
74.900 5488
74.920 5889
74.940 7057
74.960 8034
74.980 8289
75.000 8002
75.020 7707
75.040 7019
75.060 5772
75.080 4288
75.100 2945
75.120 2137
75.140 1619
75.160 1479
75.180 1446
75.200 1187
75.220 1183
75.240 1084
75.260 1130
75.280 1175
75.300 1186
75.320 1094
75.340 1028
75.360 1011
75.380 1029
75.400 977
75.420 1085
75.440 1012
75.460 984
75.480 1022
75.500 1013
75.520 1020
75.540 1065
75.560 901
75.580 947
75.600 982
75.620 1039
75.640 1028
75.660 957
75.680 906
75.700 966
75.720 965
75.740 915
75.760 941
75.780 922
75.800 939
75.820 863
75.840 965
75.860 993
75.880 866
75.900 892
75.920 938
75.940 901
75.960 896
75.980 888
76.000 876
76.020 911
76.040 952
76.060 881
76.080 889
76.100 899
76.120 919
76.140 868
76.160 975
76.180 849
76.200 929
76.220 898
76.240 956
76.260 843
76.280 943
76.300 903
76.320 895
76.340 962
76.360 870
76.380 896
76.400 865
76.420 908
76.440 898
76.460 994
76.480 958
76.500 917
76.520 973
76.540 844
76.560 883
76.580 929
76.600 927
76.620 907
76.640 968
76.660 827
76.680 884
76.700 855
76.720 808
76.740 875
76.760 956
76.780 902
76.800 880
76.820 893
76.840 895
76.860 826
76.880 791
76.900 894
76.920 925
76.940 908
76.960 928
76.980 963
77.000 832
77.020 960
77.040 975
77.060 870
77.080 964
77.100 918
77.120 839
77.140 898
77.160 876
77.180 910
77.200 799
77.220 883
77.240 974
77.260 843
77.280 935
77.300 924
77.320 891
77.340 947
77.360 887
77.380 987
77.400 908
77.420 939
77.440 909
77.460 851
77.480 881
77.500 911
77.520 962
77.540 924
77.560 847
77.580 834
77.600 887
77.620 928
77.640 877
77.660 898
77.680 885
77.700 953
77.720 955
77.740 895
77.760 826
77.780 860
77.800 960
77.820 932
77.840 966
77.860 890
77.880 953
77.900 875
77.920 910
77.940 932
77.960 967
77.980 946
78.000 915
78.020 984
78.040 937
78.060 888
78.080 821
78.100 886
78.120 845
78.140 986
78.160 824
78.180 984
78.200 901
78.220 878
78.240 955
78.260 939
78.280 916
78.300 876
78.320 996
78.340 1008
78.360 925
78.380 896
78.400 953
78.420 899
78.440 923
78.460 898
78.480 1057
78.500 933
78.520 950
78.540 953
78.560 928
78.580 905
78.600 919
78.620 999
78.640 903
78.660 896
78.680 927
78.700 978
78.720 932
78.740 881
78.760 956
78.780 883
78.800 997
78.820 863
78.840 891
78.860 961
78.880 955
78.900 882
78.920 990
78.940 898
78.960 841
78.980 932
79.000 841
79.020 843
79.040 949
79.060 1049
79.080 874
79.100 931
79.120 870
79.140 920
79.160 936
79.180 921
79.200 861
79.220 873
79.240 944
79.260 954
79.280 811
79.300 911
79.320 974
79.340 957
79.360 909
79.380 928
79.400 928
79.420 965
79.440 914
79.460 938
79.480 877
79.500 1023
79.520 939
79.540 837
79.560 880
79.580 861
79.600 864
79.620 855
79.640 954
79.660 891
79.680 906
79.700 848
79.720 945
79.740 907
79.760 947
79.780 897
79.800 904
79.820 931
79.840 894
79.860 926
79.880 995
79.900 900
79.920 895
79.940 949
79.960 920
79.980 969
80.000 980
80.020 1019
80.040 1023
80.060 971
80.080 962
80.100 1007
80.120 916
80.140 958
80.160 914
80.180 1019
80.200 1035
80.220 1023
80.240 999
80.260 1018
80.280 1067
80.300 1133
80.320 1047
80.340 1082
80.360 1117
80.380 1036
80.400 1095
80.420 1116
80.440 1142
80.460 1260
80.480 1319
80.500 1700
80.520 1945
80.540 2667
80.560 3225
80.580 3696
80.600 3672
80.620 3619
80.640 3973
80.660 5258
80.680 7864
80.700 11101
80.720 13866
80.740 14110
80.760 12116
80.780 9707
80.800 8038
80.820 6346
80.840 5067
80.860 3930
80.880 3397
80.900 3608
80.920 4617
80.940 6276
80.960 7481
80.980 7746
81.000 6656
81.020 5339
81.040 4246
81.060 3314
81.080 2600
81.100 2101
81.120 1829
81.140 1832
81.160 1891
81.180 2412
81.200 3208
81.220 3930
81.240 4206
81.260 3804
81.280 2950
81.300 2273
81.320 1765
81.340 1394
81.360 1305
81.380 1366
81.400 1477
81.420 1550
81.440 2036
81.460 2310
81.480 2599
81.500 2454
81.520 2041
81.540 1742
81.560 1462
81.580 1118
81.600 1080
81.620 1071
81.640 988
81.660 950
81.680 991
81.700 1037
81.720 886
81.740 966
81.760 980
81.780 981
81.800 922
81.820 876
81.840 1005
81.860 1023
81.880 925
81.900 923
81.920 919
81.940 946
81.960 963
81.980 928
82.000 990
82.020 879
82.040 967
82.060 870
82.080 871
82.100 924
82.120 976
82.140 882
82.160 930
82.180 941
82.200 937
82.220 906
82.240 967
82.260 891
82.280 981
82.300 846
82.320 937
82.340 912
82.360 957
82.380 992
82.400 925
82.420 904
82.440 931
82.460 915
82.480 985
82.500 899
82.520 877
82.540 969
82.560 887
82.580 958
82.600 862
82.620 954
82.640 955
82.660 785
82.680 984
82.700 933
82.720 919
82.740 971
82.760 954
82.780 947
82.800 863
82.820 968
82.840 816
82.860 950
82.880 946
82.900 843
82.920 925
82.940 903
82.960 900
82.980 901
83.000 922
83.020 944
83.040 970
83.060 953
83.080 905
83.100 957
83.120 946
83.140 929
83.160 918
83.180 952
83.200 988
83.220 983
83.240 949
83.260 988
83.280 949
83.300 881
83.320 968
83.340 873
83.360 918
83.380 916
83.400 943
83.420 1017
83.440 959
83.460 939
83.480 958
83.500 898
83.520 979
83.540 935
83.560 836
83.580 1008
83.600 925
83.620 913
83.640 887
83.660 952
83.680 905
83.700 946
83.720 894
83.740 956
83.760 863
83.780 1007
83.800 978
83.820 952
83.840 1009
83.860 938
83.880 918
83.900 888
83.920 922
83.940 899
83.960 1009
83.980 848
84.000 905
84.020 912
84.040 958
84.060 853
84.080 907
84.100 912
84.120 926
84.140 978
84.160 937
84.180 895
84.200 1003
84.220 944
84.240 930
84.260 853
84.280 960
84.300 971
84.320 1000
84.340 902
84.360 842
84.380 953
84.400 972
84.420 943
84.440 850
84.460 916
84.480 967
84.500 958
84.520 932
84.540 898
84.560 907
84.580 900
84.600 966
84.620 952
84.640 945
84.660 1040
84.680 1023
84.700 1096
84.720 999
84.740 997
84.760 1034
84.780 1233
84.800 1121
84.820 1254
84.840 1312
84.860 1793
84.880 2394
84.900 3257
84.920 4544
84.940 5394
84.960 5195
84.980 4175
85.000 3070
85.020 2216
85.040 1577
85.060 1423
85.080 1312
85.100 1378
85.120 1445
85.140 1686
85.160 2185
85.180 2664
85.200 3248
85.220 3147
85.240 2617
85.260 2011
85.280 1566
85.300 1291
85.320 1251
85.340 1040
85.360 980
85.380 994
85.400 997
85.420 964
85.440 980
85.460 1041
85.480 1075
85.500 980
85.520 1101
85.540 949
85.560 1025
85.580 978
85.600 985
85.620 1005
85.640 942
85.660 995
85.680 996
85.700 1002
85.720 984
85.740 1016
85.760 1084
85.780 1008
85.800 1071
85.820 1134
85.840 1128
85.860 1412
85.880 1745
85.900 2239
85.920 3121
85.940 4024
85.960 4521
85.980 4201
86.000 3296
86.020 2319
86.040 1673
86.060 1320
86.080 1244
86.100 1187
86.120 1215
86.140 1317
86.160 1613
86.180 1895
86.200 2425
86.220 2717
86.240 2615
86.260 2203
86.280 1813
86.300 1396
86.320 1235
86.340 1063
86.360 1120
86.380 997
86.400 967
86.420 964
86.440 950
86.460 962
86.480 1013
86.500 968
86.520 959
86.540 993
86.560 1008
86.580 1002
86.600 980
86.620 922
86.640 890
86.660 955
86.680 946
86.700 884
86.720 949
86.740 902
86.760 919
86.780 958
86.800 1027
86.820 963
86.840 1003
86.860 971
86.880 1003
86.900 947
86.920 881
86.940 877
86.960 951
86.980 959
87.000 1014
87.020 977
87.040 998
87.060 979
87.080 1018
87.100 887
87.120 912
87.140 967
87.160 929
87.180 959
87.200 894
87.220 965
87.240 987
87.260 905
87.280 933
87.300 892
87.320 957
87.340 1023
87.360 970
87.380 905
87.400 901
87.420 979
87.440 1014
87.460 1002
87.480 948
87.500 916
87.520 1039
87.540 916
87.560 950
87.580 917
87.600 1060
87.620 900
87.640 940
87.660 975
87.680 932
87.700 880
87.720 920
87.740 971
87.760 1048
87.780 897
87.800 866
87.820 988
87.840 1026
87.860 985
87.880 946
87.900 976
87.920 1126
87.940 1137
87.960 1248
87.980 1347
88.000 1322
88.020 1251
88.040 1164
88.060 1002
88.080 1000
88.100 1010
88.120 945
88.140 906
88.160 987
88.180 932
88.200 1119
88.220 1106
88.240 1160
88.260 1217
88.280 1203
88.300 1097
88.320 1033
88.340 992
88.360 1039
88.380 964
88.400 1050
88.420 936
88.440 1018
88.460 912
88.480 956
88.500 996
88.520 965
88.540 965
88.560 981
88.580 914
88.600 953
88.620 993
88.640 924
88.660 978
88.680 1001
88.700 1065
88.720 996
88.740 1022
88.760 978
88.780 967
88.800 1056
88.820 983
88.840 957
88.860 975
88.880 1075
88.900 997
88.920 985
88.940 1077
88.960 1095
88.980 1186
89.000 1164
89.020 1214
89.040 1282
89.060 1269
89.080 1342
89.100 1687
89.120 2033
89.140 2930
89.160 4626
89.180 6869
89.200 8926
89.220 9283
89.240 7595
89.260 5413
89.280 3530
89.300 2490
89.320 1827
89.340 1599
89.360 1452
89.380 1542
89.400 1680
89.420 2135
89.440 2861
89.460 3969
89.480 5023
89.500 5204
89.520 4453
89.540 3223
89.560 2313
89.580 1748
89.600 1389
89.620 1335
89.640 1245
89.660 1146
89.680 1150
89.700 1176
89.720 1091
89.740 1145
89.760 1157
89.780 1167
89.800 1290
89.820 1486
89.840 1811
89.860 1767
89.880 1751
89.900 1558
89.920 1373
89.940 1174
89.960 1015
89.980 1073
90.000 1125
90.020 1096
90.040 1039
90.060 1082
90.080 1182
90.100 1235
90.120 1357
90.140 1432
90.160 1472
90.180 1314
90.200 1227
90.220 1127
90.240 1097
90.260 950
90.280 1033
90.300 1014
90.320 1017
90.340 932
90.360 921
90.380 877
90.400 1047
90.420 880
90.440 1017
90.460 1038
90.480 1020
90.500 1014
90.520 928
90.540 974
90.560 1048
90.580 960
90.600 935
90.620 962
90.640 983
90.660 1018
90.680 990
90.700 1062
90.720 1018
90.740 1023
90.760 1025
90.780 977
90.800 1016
90.820 1130
90.840 1090
90.860 1032
90.880 934
90.900 1063
90.920 1058
90.940 1179
90.960 1202
90.980 1158
91.000 1253
91.020 1258
91.040 1482
91.060 1671
91.080 2325
91.100 3356
91.120 5084
91.140 7088
91.160 8277
91.180 7584
91.200 5504
91.220 3732
91.240 2396
91.260 1887
91.280 1541
91.300 1528
91.320 1342
91.340 1445
91.360 1621
91.380 2018
91.400 2653
91.420 3519
91.440 4429
91.460 4633
91.480 3882
91.500 2861
91.520 2019
91.540 1626
91.560 1386
91.580 1241
91.600 1265
91.620 1262
91.640 1178
91.660 1160
91.680 1151
91.700 1216
91.720 1207
91.740 1202
91.760 1348
91.780 1528
91.800 1928
91.820 2532
91.840 3709
91.860 5126
91.880 6028
91.900 5475
91.920 4116
91.940 2852
91.960 2092
91.980 1538
92.000 1400
92.020 1174
92.040 1274
92.060 1259
92.080 1401
92.100 1465
92.120 2031
92.140 2648
92.160 3312
92.180 3460
92.200 2998
92.220 2484
92.240 1773
92.260 1457
92.280 1167
92.300 1159
92.320 1174
92.340 1037
92.360 998
92.380 1095
92.400 1077
92.420 1020
92.440 999
92.460 996
92.480 952
92.500 871
92.520 1008
92.540 971
92.560 1029
92.580 958
92.600 1059
92.620 1018
92.640 1005
92.660 1005
92.680 949
92.700 979
92.720 975
92.740 1001
92.760 955
92.780 966
92.800 917
92.820 1026
92.840 982
92.860 1064
92.880 1007
92.900 1037
92.920 927
92.940 908
92.960 1049
92.980 819
93.000 1036
93.020 968
93.040 949
93.060 1005
93.080 1032
93.100 993
93.120 901
93.140 924
93.160 982
93.180 913
93.200 1032
93.220 888
93.240 948
93.260 911
93.280 879
93.300 896
93.320 1012
93.340 1004
93.360 945
93.380 916
93.400 975
93.420 994
93.440 1005
93.460 1002
93.480 969
93.500 895
93.520 987
93.540 1011
93.560 1020
93.580 981
93.600 957
93.620 976
93.640 929
93.660 987
93.680 914
93.700 980
93.720 1009
93.740 995
93.760 883
93.780 1007
93.800 979
93.820 945
93.840 996
93.860 1017
93.880 908
93.900 1040
93.920 951
93.940 977
93.960 941
93.980 948
94.000 1015
94.020 879
94.040 932
94.060 1017
94.080 907
94.100 1031
94.120 984
94.140 885
94.160 1049
94.180 949
94.200 886
94.220 958
94.240 956
94.260 967
94.280 969
94.300 1000
94.320 922
94.340 881
94.360 995
94.380 957
94.400 852
94.420 900
94.440 995
94.460 983
94.480 902
94.500 1048
94.520 890
94.540 984
94.560 1005
94.580 968
94.600 955
94.620 916
94.640 891
94.660 972
94.680 952
94.700 1006
94.720 909
94.740 1006
94.760 984
94.780 939
94.800 932
94.820 980
94.840 958
94.860 1033
94.880 966
94.900 972
94.920 908
94.940 977
94.960 1052
94.980 1022
95.000 902
95.020 1002
95.040 1039
95.060 999
95.080 997
95.100 959
95.120 1003
95.140 865
95.160 912
95.180 922
95.200 922
95.220 959
95.240 995
95.260 949
95.280 956
95.300 987
95.320 960
95.340 888
95.360 946
95.380 934
95.400 974
95.420 927
95.440 1067
95.460 996
95.480 892
95.500 818
95.520 1041
95.540 956
95.560 883
95.580 962
95.600 907
95.620 950
95.640 940
95.660 945
95.680 1002
95.700 1003
95.720 948
95.740 991
95.760 974
95.780 944
95.800 994
95.820 920
95.840 947
95.860 955
95.880 1113
95.900 989
95.920 963
95.940 962
95.960 985
95.980 926
96.000 987
96.020 999
96.040 940
96.060 903
96.080 845
96.100 980
96.120 1087
96.140 951
96.160 983
96.180 977
96.200 887
96.220 926
96.240 993
96.260 931
96.280 990
96.300 920
96.320 939
96.340 872
96.360 979
96.380 982
96.400 875
96.420 1031
96.440 1053
96.460 968
96.480 942
96.500 978
96.520 978
96.540 981
96.560 968
96.580 916
96.600 1024
96.620 953
96.640 976
96.660 1060
96.680 920
96.700 970
96.720 904
96.740 997
96.760 1051
96.780 985
96.800 1051
96.820 1018
96.840 1012
96.860 911
96.880 996
96.900 964
96.920 970
96.940 987
96.960 885
96.980 1048
97.000 1039
97.020 1000
97.040 990
97.060 1042
97.080 985
97.100 1019
97.120 966
97.140 979
97.160 952
97.180 1021
97.200 932
97.220 917
97.240 987
97.260 992
97.280 1037
97.300 1073
97.320 1051
97.340 995
97.360 1040
97.380 1098
97.400 1051
97.420 1136
97.440 1217
97.460 1565
97.480 2071
97.500 2649
97.520 3443
97.540 3561
97.560 3093
97.580 2366
97.600 1707
97.620 1415
97.640 1180
97.660 1142
97.680 1034
97.700 1095
97.720 1070
97.740 1170
97.760 1205
97.780 1256
97.800 1431
97.820 1870
97.840 2164
97.860 2281
97.880 2106
97.900 1618
97.920 1474
97.940 1170
97.960 1160
97.980 1102
98.000 1045
98.020 1051
98.040 1045
98.060 981
98.080 923
98.100 1072
98.120 1115
98.140 1069
98.160 1046
98.180 1033
98.200 1041
98.220 998
98.240 1047
98.260 1091
98.280 1232
98.300 1385
98.320 1559
98.340 1508
98.360 1442
98.380 1344
98.400 1162
98.420 1051
98.440 1047
98.460 947
98.480 980
98.500 1130
98.520 981
98.540 1037
98.560 973
98.580 1138
98.600 1071
98.620 1022
98.640 1187
98.660 1351
98.680 1240
98.700 1189
98.720 1159
98.740 1099
98.760 1056
98.780 1137
98.800 1033
98.820 946
98.840 983
98.860 1028
98.880 923
98.900 1074
98.920 1049
98.940 1016
98.960 888
98.980 881
99.000 959
99.020 1038
99.040 1013
99.060 1075
99.080 968
99.100 941
99.120 1011
99.140 1016
99.160 929
99.180 958
99.200 950
99.220 990
99.240 921
99.260 977
99.280 995
99.300 1017
99.320 939
99.340 980
99.360 986
99.380 1062
99.400 957
99.420 973
99.440 963
99.460 1011
99.480 1000
99.500 1017
99.520 1010
99.540 1022
99.560 1086
99.580 1002
99.600 999
99.620 952
99.640 995
99.660 1031
99.680 1008
99.700 949
99.720 1035
99.740 1034
99.760 934
99.780 983
99.800 1087
99.820 1051
99.840 1016
99.860 1009
99.880 969
99.900 1039
99.920 1049
99.940 1028
99.960 1137
99.980 999
100.000 981
100.020 1042
100.040 995
100.060 1071
100.080 1198
100.100 1145
100.120 1116
100.140 1219
100.160 1211
100.180 1221
100.200 1465
100.220 1670
100.240 2172
100.260 3146
100.280 4575
100.300 5940
100.320 6395
100.340 5984
100.360 5626
100.380 5043
100.400 4322
100.420 3228
100.440 2367
100.460 1822
100.480 1566
100.500 1335
100.520 1387
100.540 1379
100.560 1416
100.580 1708
100.600 2184
100.620 2786
100.640 3417
100.660 3759
100.680 3632
100.700 3346
100.720 3098
100.740 2721
100.760 2182
100.780 1709
100.800 1414
100.820 1239
100.840 1298
100.860 1144
100.880 1160
100.900 1113
100.920 1072
100.940 1136
100.960 1031
100.980 1086
101.000 1046
101.020 1046
101.040 1059
101.060 1092
101.080 1043
101.100 1064
101.120 1068
101.140 1077
101.160 1070
101.180 982
101.200 1085
101.220 1036
101.240 981
101.260 929
101.280 1119
101.300 1033
101.320 1006
101.340 1005
101.360 1051
101.380 1091
101.400 990
101.420 1006
101.440 943
101.460 1032
101.480 1069
101.500 1122
101.520 1077
101.540 1127
101.560 1059
101.580 1101
101.600 1127
101.620 1033
101.640 1172
101.660 1058
101.680 1120
101.700 1156
101.720 1127
101.740 1137
101.760 1158
101.780 1301
101.800 1347
101.820 1557
101.840 1897
101.860 2724
101.880 4266
101.900 6279
101.920 7892
101.940 7507
101.960 5888
101.980 3810
102.000 2515
102.020 1805
102.040 1600
102.060 1290
102.080 1447
102.100 1279
102.120 1262
102.140 1275
102.160 1274
102.180 1450
102.200 1730
102.220 2265
102.240 3123
102.260 4132
102.280 4563
102.300 4011
102.320 2883
102.340 2104
102.360 1564
102.380 1457
102.400 1215
102.420 1213
102.440 1152
102.460 1195
102.480 1068
102.500 1139
102.520 1087
102.540 1105
102.560 1044
102.580 1061
102.600 1149
102.620 1087
102.640 1056
102.660 1027
102.680 1043
102.700 1015
102.720 1081
102.740 1074
102.760 992
102.780 1038
102.800 1052
102.820 1092
102.840 1165
102.860 1109
102.880 1117
102.900 1387
102.920 1566
102.940 2009
102.960 2287
102.980 2170
103.000 1840
103.020 1436
103.040 1267
103.060 1164
103.080 1045
103.100 1050
103.120 1060
103.140 1099
103.160 1123
103.180 1112
103.200 1043
103.220 1128
103.240 1107
103.260 1263
103.280 1359
103.300 1562
103.320 1778
103.340 1634
103.360 1434
103.380 1203
103.400 1112
103.420 1036
103.440 1012
103.460 1024
103.480 966
103.500 964
103.520 1041
103.540 1009
103.560 941
103.580 980
103.600 1028
103.620 1092
103.640 978
103.660 947
103.680 1133
103.700 937
103.720 998
103.740 958
103.760 974
103.780 993
103.800 1050
103.820 982
103.840 1048
103.860 965
103.880 1014
103.900 1029
103.920 1066
103.940 892
103.960 972
103.980 1018
104.000 925
104.020 940
104.040 1012
104.060 1069
104.080 1010
104.100 987
104.120 1060
104.140 1047
104.160 1048
104.180 1132
104.200 980
104.220 1072
104.240 996
104.260 1037
104.280 927
104.300 976
104.320 1031
104.340 1120
104.360 978
104.380 1050
104.400 943
104.420 878
104.440 924
104.460 1042
104.480 987
104.500 964
104.520 976
104.540 1063
104.560 1033
104.580 1030
104.600 1080
104.620 1039
104.640 966
104.660 947
104.680 1079
104.700 954
104.720 1080
104.740 968
104.760 981
104.780 1011
104.800 989
104.820 956
104.840 960
104.860 1023
104.880 980
104.900 988
104.920 986
104.940 897
104.960 1016
104.980 1002
105.000 1160
105.020 1075
105.040 1148
105.060 1253
105.080 1109
105.100 1122
105.120 1133
105.140 991
105.160 952
105.180 1062
105.200 1053
105.220 999
105.240 988
105.260 956
105.280 925
105.300 973
105.320 1054
105.340 1031
105.360 1029
105.380 1040
105.400 1189
105.420 1017
105.440 1100
105.460 1062
105.480 1028
105.500 1003
105.520 1018
105.540 1030
105.560 990
105.580 979
105.600 999
105.620 1048
105.640 955
105.660 1014
105.680 1029
105.700 1001
105.720 1006
105.740 1047
105.760 1048
105.780 969
105.800 907
105.820 955
105.840 962
105.860 1029
105.880 1081
105.900 908
105.920 933
105.940 1046
105.960 1029
105.980 995
106.000 1011
106.020 1075
106.040 1128
106.060 945
106.080 1041
106.100 967
106.120 1045
106.140 1084
106.160 900
106.180 1027
106.200 1052
106.220 1065
106.240 962
106.260 985
106.280 1042
106.300 971
106.320 1035
106.340 1082
106.360 1103
106.380 1110
106.400 1194
106.420 1207
106.440 1086
106.460 1069
106.480 943
106.500 1145
106.520 1047
106.540 1009
106.560 991
106.580 1137
106.600 1040
106.620 1089
106.640 1060
106.660 944
106.680 1050
106.700 1091
106.720 1067
106.740 1081
106.760 1130
106.780 1138
106.800 1206
106.820 1063
106.840 1194
106.860 1103
106.880 1108
106.900 1281
106.920 1330
106.940 1833
106.960 2383
106.980 2947
107.000 3257
107.020 2793
107.040 2210
107.060 1668
107.080 1280
107.100 1172
107.120 1117
107.140 1083
107.160 1150
107.180 1055
107.200 1170
107.220 1080
107.240 1124
107.260 1202
107.280 1163
107.300 1217
107.320 1300
107.340 1614
107.360 1912
107.380 2069
107.400 2045
107.420 1642
107.440 1307
107.460 1222
107.480 1129
107.500 1116
107.520 1108
107.540 1003
107.560 1032
107.580 990
107.600 1048
107.620 1042
107.640 1099
107.660 1018
107.680 1090
107.700 1079
107.720 1030
107.740 1022
107.760 1058
107.780 1039
107.800 1047
107.820 1072
107.840 1075
107.860 971
107.880 1026
107.900 1041
107.920 1123
107.940 1110
107.960 1107
107.980 936
108.000 1118
108.020 1067
108.040 1037
108.060 1041
108.080 1095
108.100 1088
108.120 1095
108.140 1109
108.160 1038
108.180 1130
108.200 1142
108.220 1260
108.240 1363
108.260 1506
108.280 1905
108.300 2688
108.320 4052
108.340 5797
108.360 6859
108.380 6138
108.400 4501
108.420 2997
108.440 1964
108.460 1617
108.480 1386
108.500 1294
108.520 1230
108.540 1226
108.560 1187
108.580 1152
108.600 1210
108.620 1217
108.640 1305
108.660 1402
108.680 1587
108.700 1973
108.720 2756
108.740 3633
108.760 3990
108.780 3375
108.800 2553
108.820 1968
108.840 1474
108.860 1415
108.880 1285
108.900 1191
108.920 1301
108.940 1332
108.960 1323
108.980 1651
109.000 2117
109.020 2740
109.040 3371
109.060 3353
109.080 2628
109.100 1910
109.120 1502
109.140 1304
109.160 1136
109.180 1147
109.200 1120
109.220 1030
109.240 1127
109.260 1122
109.280 1051
109.300 1094
109.320 1116
109.340 1141
109.360 1209
109.380 1390
109.400 1566
109.420 1805
109.440 2144
109.460 2178
109.480 1761
109.500 1601
109.520 1264
109.540 1173
109.560 1098
109.580 1059
109.600 1085
109.620 1044
109.640 1065
109.660 1130
109.680 1102
109.700 1092
109.720 1045
109.740 1049
109.760 1044
109.780 1022
109.800 1032
109.820 935
109.840 943
109.860 1104
109.880 999
109.900 973
109.920 1010
109.940 1038
109.960 1038
109.980 1122
110.000 1079
110.020 1034
110.040 973
110.060 1028
110.080 1043
110.100 1051
110.120 1139
110.140 1071
110.160 1009
110.180 1106
110.200 1019
110.220 986
110.240 1079
110.260 940
110.280 991
110.300 994
110.320 992
110.340 1034
110.360 1016
110.380 1072
110.400 1060
110.420 1084
110.440 1101
110.460 966
110.480 1077
110.500 1082
110.520 965
110.540 1143
110.560 1028
110.580 1087
110.600 1032
110.620 1060
110.640 1065
110.660 1023
110.680 947
110.700 1082
110.720 1112
110.740 991
110.760 1031
110.780 1078
110.800 1072
110.820 1019
110.840 1095
110.860 1177
110.880 1274
110.900 1534
110.920 1891
110.940 2409
110.960 2891
110.980 2752
111.000 2175
111.020 1629
111.040 1357
111.060 1231
111.080 1178
111.100 1113
111.120 1103
111.140 1065
111.160 1102
111.180 1026
111.200 1097
111.220 1099
111.240 1122
111.260 1044
111.280 1063
111.300 1169
111.320 1332
111.340 1521
111.360 1732
111.380 1918
111.400 1740
111.420 1492
111.440 1359
111.460 1204
111.480 1188
111.500 1071
111.520 1041
111.540 1055
111.560 1124
111.580 1063
111.600 1031
111.620 908
111.640 1001
111.660 1026
111.680 1008
111.700 1093
111.720 1018
111.740 1008
111.760 1166
111.780 1082
111.800 941
111.820 1105
111.840 1117
111.860 1076
111.880 1028
111.900 919
111.920 1001
111.940 1090
111.960 1024
111.980 1046
112.000 1089
112.020 1036
112.040 1061
112.060 1068
112.080 984
112.100 948
112.120 1077
112.140 1025
112.160 1083
112.180 1029
112.200 1010
112.220 1030
112.240 1088
112.260 1058
112.280 1045
112.300 995
112.320 968
112.340 1102
112.360 1042
112.380 1091
112.400 1004
112.420 880
112.440 1116
112.460 1027
112.480 1147
112.500 965
112.520 979
112.540 1004
112.560 1104
112.580 990
112.600 1077
112.620 1086
112.640 1004
112.660 1000
112.680 1135
112.700 1088
112.720 1050
112.740 922
112.760 1027
112.780 955
112.800 1017
112.820 945
112.840 934
112.860 1006
112.880 1083
112.900 992
112.920 1069
112.940 1021
112.960 1035
112.980 932
113.000 1014
113.020 1067
113.040 1006
113.060 987
113.080 998
113.100 1025
113.120 1010
113.140 1056
113.160 1127
113.180 1009
113.200 1114
113.220 1055
113.240 1010
113.260 1103
113.280 1103
113.300 994
113.320 1092
113.340 1038
113.360 987
113.380 984
113.400 1002
113.420 1031
113.440 1073
113.460 985
113.480 1082
113.500 1010
113.520 1097
113.540 1047
113.560 1059
113.580 1029
113.600 1147
113.620 1042
113.640 1046
113.660 1062
113.680 1036
113.700 1084
113.720 1022
113.740 964
113.760 1002
113.780 1078
113.800 1077
113.820 975
113.840 1012
113.860 996
113.880 1053
113.900 1107
113.920 1135
113.940 1138
113.960 986
113.980 1093
114.000 1089
114.020 996
114.040 916
114.060 1127
114.080 1012
114.100 1097
114.120 1068
114.140 1043
114.160 1052
114.180 1055
114.200 1064
114.220 1046
114.240 936
114.260 989
114.280 1048
114.300 1015
114.320 1070
114.340 1028
114.360 1115
114.380 1040
114.400 1046
114.420 1076
114.440 1100
114.460 1123
114.480 1069
114.500 1088
114.520 1100
114.540 1019
114.560 1043
114.580 1019
114.600 979
114.620 1030
114.640 1050
114.660 1094
114.680 955
114.700 991
114.720 1131
114.740 1066
114.760 990
114.780 1057
114.800 1095
114.820 1006
114.840 1100
114.860 1058
114.880 1044
114.900 1053
114.920 1018
114.940 1226
114.960 1084
114.980 1082
115.000 1137
115.020 1076
115.040 1159
115.060 1193
115.080 1184
115.100 1304
115.120 1468
115.140 1667
115.160 2183
115.180 2950
115.200 3306
115.220 3238
115.240 2723
115.260 2331
115.280 2222
115.300 2806
115.320 4070
115.340 5989
115.360 7351
115.380 7158
115.400 6034
115.420 5103
115.440 4612
115.460 3820
115.480 2894
115.500 2218
115.520 1725
115.540 1565
115.560 1453
115.580 1532
115.600 1672
115.620 1917
115.640 2362
115.660 2326
115.680 2199
115.700 1838
115.720 1685
115.740 1814
115.760 2220
115.780 3003
115.800 3940
115.820 4416
115.840 3990
115.860 3555
115.880 3403
115.900 3292
115.920 3012
115.940 2552
115.960 2014
115.980 1618
116.000 1374
116.020 1240
116.040 1175
116.060 1053
116.080 1145
116.100 1171
116.120 1018
116.140 1098
116.160 1097
116.180 1056
116.200 1106
116.220 1150
116.240 1213
116.260 1133
116.280 1022
116.300 1165
116.320 1211
116.340 1360
116.360 1413
116.380 1464
116.400 1395
116.420 1264
116.440 1138
116.460 1181
116.480 1108
116.500 1083
116.520 1143
116.540 1051
116.560 1054
116.580 1103
116.600 1058
116.620 1087
116.640 1093
116.660 1093
116.680 1069
116.700 1104
116.720 1077
116.740 1055
116.760 1031
116.780 993
116.800 1084
116.820 1040
116.840 1030
116.860 1047
116.880 1036
116.900 964
116.920 1085
116.940 1007
116.960 1031
116.980 1066
117.000 1083
117.020 1007
117.040 1045
117.060 1003
117.080 1072
117.100 1008
117.120 1146
117.140 1085
117.160 1101
117.180 1103
117.200 1011
117.220 1032
117.240 1095
117.260 1107
117.280 1062
117.300 1097
117.320 984
117.340 1106
117.360 1095
117.380 1024
117.400 1100
117.420 1081
117.440 951
117.460 1091
117.480 1054
117.500 1040
117.520 1075
117.540 1102
117.560 1046
117.580 1013
117.600 1110
117.620 1110
117.640 1068
117.660 1089
117.680 1070
117.700 1003
117.720 1097
117.740 1130
117.760 1106
117.780 1119
117.800 1028
117.820 1023
117.840 1083
117.860 1117
117.880 1032
117.900 1118
117.920 1076
117.940 1096
117.960 1148
117.980 1124
118.000 1168
118.020 1119
118.040 1118
118.060 1225
118.080 1234
118.100 1252
118.120 1228
118.140 1437
118.160 1454
118.180 1773
118.200 2354
118.220 3629
118.240 5778
118.260 8307
118.280 9099
118.300 7637
118.320 5111
118.340 3177
118.360 2080
118.380 1662
118.400 1394
118.420 1341
118.440 1320
118.460 1271
118.480 1201
118.500 1258
118.520 1284
118.540 1076
118.560 1290
118.580 1237
118.600 1252
118.620 1321
118.640 1320
118.660 1385
118.680 1741
118.700 2358
118.720 3576
118.740 4851
118.760 5201
118.780 4197
118.800 3043
118.820 2051
118.840 1537
118.860 1297
118.880 1282
118.900 1213
118.920 1219
118.940 1230
118.960 1011
118.980 1135
119.000 1051
119.020 1144
119.040 1059
119.060 1098
119.080 1036
119.100 1028
119.120 1115
119.140 1074
119.160 1138
119.180 1037
119.200 1098
119.220 1055
119.240 1165
119.260 1046
119.280 1076
119.300 1098
119.320 1079
119.340 1119
119.360 987
119.380 1100
119.400 1121
119.420 1144
119.440 1129
119.460 1021
119.480 1060
119.500 1139
119.520 1051
119.540 1173
119.560 1133
119.580 1136
119.600 1131
119.620 1032
119.640 1198
119.660 1127
119.680 1113
119.700 1136
119.720 1107
119.740 1181
119.760 1149
119.780 1117
119.800 1086
119.820 1009
119.840 1178
119.860 1156
119.880 1160
119.900 1094
119.920 1141
119.940 1149
119.960 1255
119.980 1344
120.000 1495
120.020 1857
120.040 2505
120.060 3677
120.080 4874
120.100 5036
120.120 4252
120.140 2911
120.160 2102
120.180 1675
120.200 1407
120.220 1421
120.240 1533
120.260 1657
120.280 2134
120.300 3057
120.320 4161
120.340 4976
120.360 4490
120.380 3375
120.400 2376
120.420 1721
120.440 1467
120.460 1403
120.480 1426
120.500 1367
120.520 1595
120.540 1999
120.560 2487
120.580 3108
120.600 3174
120.620 2663
120.640 1869
120.660 1600
120.680 1336
120.700 1248
120.720 1268
120.740 1316
120.760 1423
120.780 1632
120.800 2063
120.820 2754
120.840 3047
120.860 2730
120.880 2244
120.900 1698
120.920 1427
120.940 1221
120.960 1166
120.980 1163
121.000 1191
121.020 1192
121.040 1073
121.060 1173
121.080 1104
121.100 1167
121.120 1203
121.140 1229
121.160 1242
121.180 1432
121.200 1536
121.220 2064
121.240 2784
121.260 3466
121.280 3383
121.300 2775
121.320 1980
121.340 1560
121.360 1308
121.380 1101
121.400 1202
121.420 1154
121.440 1101
121.460 1164
121.480 1091
121.500 1147
121.520 1132
121.540 1084
121.560 1083
121.580 1124
121.600 1138
121.620 1207
121.640 1131
121.660 1140
121.680 1132
121.700 1309
121.720 1468
121.740 1797
121.760 2230
121.780 2370
121.800 2101
121.820 1716
121.840 1560
121.860 1256
121.880 1101
121.900 1116
121.920 1068
121.940 1169
121.960 1142
121.980 1090
122.000 1169
122.020 1060
122.040 1052
122.060 1079
122.080 1000
122.100 1134
122.120 1010
122.140 1076
122.160 1090
122.180 1111
122.200 1029
122.220 1098
122.240 1041
122.260 993
122.280 1060
122.300 1093
122.320 1036
122.340 1092
122.360 1048
122.380 1061
122.400 1077
122.420 1036
122.440 1093
122.460 1119
122.480 1057
122.500 1101
122.520 1079
122.540 1070
122.560 1158
122.580 1119
122.600 1106
122.620 1057
122.640 1061
122.660 1103
122.680 1074
122.700 1088
122.720 1060
122.740 1031
122.760 1065
122.780 1097
122.800 1109
122.820 1133
122.840 1006
122.860 1162
122.880 1156
122.900 1001
122.920 1110
122.940 1065
122.960 1042
122.980 1098
123.000 1117
123.020 1041
123.040 1037
123.060 1092
123.080 1156
123.100 1110
123.120 1173
123.140 1179
123.160 1127
123.180 1045
123.200 1086
123.220 1020
123.240 1120
123.260 1044
123.280 1087
123.300 1073
123.320 971
123.340 1023
123.360 1119
123.380 1085
123.400 1060
123.420 1129
123.440 1061
123.460 1064
123.480 1071
123.500 1192
123.520 1041
123.540 1017
123.560 1129
123.580 1176
123.600 1046
123.620 1086
123.640 1083
123.660 1130
123.680 1058
123.700 1175
123.720 1011
123.740 1033
123.760 1068
123.780 1031
123.800 1110
123.820 1134
123.840 1106
123.860 878
123.880 1058
123.900 1023
123.920 1072
123.940 1004
123.960 1060
123.980 999
124.000 1109
124.020 975
124.040 998
124.060 1097
124.080 1005
124.100 1063
124.120 1053
124.140 1070
124.160 972
124.180 1058
124.200 1102
124.220 1059
124.240 1091
124.260 1054
124.280 1118
124.300 1077
124.320 1154
124.340 1166
124.360 1103
124.380 1078
124.400 1114
124.420 1055
124.440 1054
124.460 1039
124.480 996
124.500 1181
124.520 1068
124.540 1121
124.560 1017
124.580 1111
124.600 1008
124.620 1022
124.640 1024
124.660 1054
124.680 1180
124.700 1052
124.720 1138
124.740 1044
124.760 1156
124.780 1082
124.800 1100
124.820 1147
124.840 1064
124.860 1141
124.880 1260
124.900 1013
124.920 1130
124.940 1165
124.960 1091
124.980 1069
125.000 1218
125.020 1139
125.040 1218
125.060 1321
125.080 1681
125.100 2061
125.120 3051
125.140 4001
125.160 4043
125.180 3281
125.200 2361
125.220 1789
125.240 1443
125.260 1238
125.280 1181
125.300 1164
125.320 1223
125.340 1085
125.360 1181
125.380 1162
125.400 1121
125.420 1061
125.440 1215
125.460 1121
125.480 1139
125.500 1113
125.520 1139
125.540 1157
125.560 1122
125.580 1202
125.600 1171
125.620 1340
125.640 1487
125.660 1897
125.680 2232
125.700 2675
125.720 2541
125.740 2078
125.760 1770
125.780 1453
125.800 1333
125.820 1271
125.840 1210
125.860 1286
125.880 1548
125.900 1863
125.920 2456
125.940 3103
125.960 3028
125.980 2457
126.000 1803
126.020 1495
126.040 1319
126.060 1150
126.080 1219
126.100 1093
126.120 1100
126.140 1096
126.160 1145
126.180 1155
126.200 1151
126.220 1130
126.240 1129
126.260 1099
126.280 1094
126.300 1248
126.320 1146
126.340 1206
126.360 1270
126.380 1157
126.400 1160
126.420 1216
126.440 1315
126.460 1449
126.480 1848
126.500 2095
126.520 2045
126.540 1802
126.560 1382
126.580 1249
126.600 1148
126.620 1127
126.640 1107
126.660 1122
126.680 1049
126.700 1111
126.720 1106
126.740 1102
126.760 1116
126.780 1138
126.800 1075
126.820 1157
126.840 1089
126.860 1126
126.880 988
126.900 1129
126.920 1090
126.940 1138
126.960 1125
126.980 1037
127.000 1112
127.020 1101
127.040 1113
127.060 1177
127.080 1027
127.100 1132
127.120 1032
127.140 1135
127.160 1087
127.180 1077
127.200 1048
127.220 991
127.240 1092
127.260 1034
127.280 1156
127.300 983
127.320 1125
127.340 1080
127.360 1162
127.380 1026
127.400 1026
127.420 1032
127.440 1023
127.460 1048
127.480 1035
127.500 1033
127.520 1156
127.540 1062
127.560 1012
127.580 1116
127.600 1049
127.620 1075
127.640 1169
127.660 1095
127.680 951
127.700 1092
127.720 1062
127.740 1108
127.760 1032
127.780 1045
127.800 1147
127.820 1073
127.840 1040
127.860 1045
127.880 1114
127.900 1123
127.920 1072
127.940 1135
127.960 983
127.980 1088
128.000 1109
128.020 1017
128.040 1080
128.060 1041
128.080 1081
128.100 1191
128.120 1145
128.140 1067
128.160 1055
128.180 1150
128.200 1095
128.220 1093
128.240 1057
128.260 1203
128.280 1072
128.300 1133
128.320 1188
128.340 1265
128.360 1270
128.380 1294
128.400 1477
128.420 1743
128.440 2634
128.460 3662
128.480 4647
128.500 4504
128.520 3494
128.540 2476
128.560 1777
128.580 1477
128.600 1341
128.620 1257
128.640 1135
128.660 1215
128.680 1129
128.700 1230
128.720 1172
128.740 1163
128.760 1176
128.780 1071
128.800 1145
128.820 1141
128.840 1082
128.860 1104
128.880 1098
128.900 1068
128.920 1210
128.940 1163
128.960 1168
128.980 1235
129.000 1336
129.020 1587
129.040 1934
129.060 2557
129.080 2972
129.100 2670
129.120 2097
129.140 1667
129.160 1343
129.180 1294
129.200 1169
129.220 1295
129.240 1232
129.260 1085
129.280 1111
129.300 1131
129.320 1120
129.340 1158
129.360 1121
129.380 1213
129.400 1068
129.420 1197
129.440 1086
129.460 1093
129.480 1129
129.500 1117
129.520 1193
129.540 1096
129.560 1105
129.580 1169
129.600 1116
129.620 1106
129.640 1111
129.660 1063
129.680 1001
129.700 1201
129.720 1103
129.740 1109
129.760 1137
129.780 1118
129.800 1155
129.820 1122
129.840 1106
129.860 1146
129.880 1089
129.900 1067
129.920 1105
129.940 1123
129.960 1153
129.980 1025
130.000 1151
130.020 1094
130.040 1088
130.060 1115
130.080 1039
130.100 1153
130.120 1109
130.140 1166
130.160 1111
130.180 1131
130.200 1103
130.220 1109
130.240 1022
130.260 1170
130.280 1215
130.300 1089
130.320 1115
130.340 1132
130.360 1136
130.380 1097
130.400 1129
130.420 1142
130.440 1203
130.460 1141
130.480 1099
130.500 1090
130.520 1224
130.540 1234
130.560 1323
130.580 1247
130.600 1414
130.620 1554
130.640 1688
130.660 2301
130.680 3556
130.700 5687
130.720 7871
130.740 8447
130.760 6724
130.780 4393
130.800 2812
130.820 1894
130.840 1590
130.860 1367
130.880 1462
130.900 1291
130.920 1259
130.940 1179
130.960 1247
130.980 1236
131.000 1133
131.020 1206
131.040 1151
131.060 1137
131.080 1114
131.100 1243
131.120 1135
131.140 1179
131.160 1193
131.180 1227
131.200 1144
131.220 1211
131.240 1315
131.260 1358
131.280 1625
131.300 2229
131.320 3163
131.340 4329
131.360 4845
131.380 4259
131.400 2923
131.420 2116
131.440 1550
131.460 1448
131.480 1237
131.500 1256
131.520 1179
131.540 1289
131.560 1137
131.580 1150
131.600 1083
131.620 1177
131.640 1100
131.660 1138
131.680 1104
131.700 1088
131.720 1007
131.740 1059
131.760 1109
131.780 1096
131.800 1158
131.820 1159
131.840 1190
131.860 1045
131.880 1079
131.900 1135
131.920 1084
131.940 1025
131.960 1154
131.980 1060
132.000 1050
132.020 1149
132.040 1242
132.060 975
132.080 1028
132.100 1105
132.120 1094
132.140 1099
132.160 1087
132.180 1083
132.200 1190
132.220 1120
132.240 1059
132.260 1061
132.280 1092
132.300 1078
132.320 1031
132.340 1070
132.360 1127
132.380 1073
132.400 1067
132.420 1188
132.440 1090
132.460 1127
132.480 1039
132.500 1089
132.520 1084
132.540 1052
132.560 1067
132.580 1047
132.600 1133
132.620 1097
132.640 1140
132.660 1079
132.680 1117
132.700 1096
132.720 1181
132.740 1128
132.760 1119
132.780 1129
132.800 1067
132.820 1114
132.840 1132
132.860 1133
132.880 1094
132.900 1167
132.920 1182
132.940 1214
132.960 1079
132.980 1039
133.000 1072
133.020 1068
133.040 1030
133.060 1107
133.080 1074
133.100 1114
133.120 1087
133.140 1161
133.160 1093
133.180 1051
133.200 1102
133.220 1197
133.240 1073
133.260 1086
133.280 1089
133.300 1105
133.320 1194
133.340 1067
133.360 1117
133.380 1063
133.400 1155
133.420 1063
133.440 1173
133.460 1122
133.480 1125
133.500 1191
133.520 1060
133.540 1039
133.560 1089
133.580 1018
133.600 1148
133.620 1085
133.640 1066
133.660 1154
133.680 1119
133.700 1006
133.720 1001
133.740 1103
133.760 1156
133.780 1172
133.800 1134
133.820 1075
133.840 1108
133.860 1141
133.880 1046
133.900 1102
133.920 1193
133.940 1103
133.960 1218
133.980 1153
134.000 1068
134.020 1144
134.040 1059
134.060 1101
134.080 1094
134.100 1071
134.120 1075
134.140 1177
134.160 1124
134.180 1072
134.200 1132
134.220 1067
134.240 1097
134.260 1133
134.280 1139
134.300 1037
134.320 1038
134.340 1102
134.360 1108
134.380 1136
134.400 979
134.420 1097
134.440 1085
134.460 1144
134.480 1101
134.500 1107
134.520 1108
134.540 1029
134.560 1095
134.580 1134
134.600 1048
134.620 1059
134.640 1149
134.660 1080
134.680 1092
134.700 1137
134.720 1088
134.740 1114
134.760 1133
134.780 1154
134.800 1155
134.820 1086
134.840 1149
134.860 1125
134.880 1122
134.900 1116
134.920 1078
134.940 1163
134.960 1161
134.980 1125
135.000 1123
135.020 1147
135.040 1089
135.060 1036
135.080 1148
135.100 1122
135.120 1111
135.140 1115
135.160 1202
135.180 1154
135.200 1101
135.220 1168
135.240 1173
135.260 1078
135.280 1171
135.300 1065
135.320 1102
135.340 946
135.360 1178
135.380 1073
135.400 1211
135.420 1091
135.440 1093
135.460 1154
135.480 1168
135.500 1101
135.520 960
135.540 1113
135.560 1140
135.580 1096
135.600 1119
135.620 1154
135.640 1074
135.660 1190
135.680 1095
135.700 1143
135.720 1124
135.740 1129
135.760 1122
135.780 1151
135.800 1102
135.820 1147
135.840 1212
135.860 1131
135.880 1212
135.900 1167
135.920 1143
135.940 1155
135.960 1125
135.980 1192
136.000 1202
136.020 1177
136.040 1100
136.060 1298
136.080 1351
136.100 1251
136.120 1318
136.140 1481
136.160 1546
136.180 1616
136.200 1859
136.220 2390
136.240 3445
136.260 5753
136.280 9201
136.300 12774
136.320 13496
136.340 10574
136.360 6865
136.380 4115
136.400 2677
136.420 2031
136.440 1741
136.460 1572
136.480 1465
136.500 1512
136.520 1367
136.540 1299
136.560 1277
136.580 1266
136.600 1174
136.620 1186
136.640 1168
136.660 1254
136.680 1243
136.700 1111
136.720 1274
136.740 1200
136.760 1237
136.780 1181
136.800 1272
136.820 1332
136.840 1259
136.860 1236
136.880 1272
136.900 1438
136.920 1551
136.940 1900
136.960 2592
136.980 3785
137.000 5646
137.020 7274
137.040 7246
137.060 5542
137.080 3653
137.100 2485
137.120 1878
137.140 1600
137.160 1527
137.180 1475
137.200 1586
137.220 1845
137.240 2195
137.260 2265
137.280 2178
137.300 1811
137.320 1446
137.340 1376
137.360 1273
137.380 1159
137.400 1241
137.420 1287
137.440 1147
137.460 1145
137.480 1263
137.500 1131
137.520 1215
137.540 1243
137.560 1114
137.580 1212
137.600 1093
137.620 1254
137.640 1201
137.660 1183
137.680 1203
137.700 1158
137.720 1056
137.740 1176
137.760 1168
137.780 1096
137.800 1126
137.820 1135
137.840 1122
137.860 1099
137.880 1166
137.900 1194
137.920 1304
137.940 1428
137.960 1439
137.980 1686
138.000 1745
138.020 1486
138.040 1304
138.060 1308
138.080 1175
138.100 1242
138.120 1090
138.140 1170
138.160 1105
138.180 1123
138.200 1156
138.220 1164
138.240 1050
138.260 1054
138.280 1089
138.300 1082
138.320 1059
138.340 1064
138.360 1135
138.380 1062
138.400 1136
138.420 1063
138.440 1146
138.460 1083
138.480 1104
138.500 1211
138.520 1049
138.540 1039
138.560 1196
138.580 1166
138.600 1125
138.620 1125
138.640 1080
138.660 1169
138.680 1152
138.700 1115
138.720 1083
138.740 1154
138.760 1062
138.780 1100
138.800 1133
138.820 1088
138.840 1026
138.860 1113
138.880 1131
138.900 1166
138.920 1092
138.940 1187
138.960 1053
138.980 1104
139.000 1096
139.020 1120
139.040 1086
139.060 1136
139.080 1048
139.100 1059
139.120 1163
139.140 1163
139.160 1173
139.180 1096
139.200 1021
139.220 1125
139.240 1144
139.260 1056
139.280 1208
139.300 1113
139.320 1145
139.340 1120
139.360 1184
139.380 1036
139.400 1120
139.420 1076
139.440 1184
139.460 1137
139.480 1033
139.500 1170
139.520 1105
139.540 1105
139.560 1136
139.580 1152
139.600 1045
139.620 1157
139.640 1153
139.660 992
139.680 1165
139.700 1088
139.720 1178
139.740 1105
139.760 1149
139.780 1129
139.800 1144
139.820 1202
139.840 1157
139.860 1070
139.880 1075
139.900 1134
139.920 1154
139.940 1161
139.960 1242
139.980 1175
140.000 1168
140.020 1112
140.040 1056
140.060 1190
140.080 1124
140.100 1156
140.120 1126
140.140 1181
140.160 1185
140.180 1134
140.200 1243
140.220 1266
140.240 1340
140.260 1562
140.280 1777
140.300 2226
140.320 2659
140.340 2536
140.360 2278
140.380 1726
140.400 1474
140.420 1281
140.440 1231
140.460 1134
140.480 1244
140.500 1236
140.520 1190
140.540 1106
140.560 1123
140.580 1111
140.600 1111
140.620 1081
140.640 1169
140.660 1081
140.680 1144
140.700 1167
140.720 1190
140.740 1206
140.760 1165
140.780 1102
140.800 1119
140.820 1152
140.840 1175
140.860 1177
140.880 1235
140.900 1180
140.920 1188
140.940 1159
140.960 1214
140.980 1115
141.000 1129
141.020 1271
141.040 1194
141.060 1264
141.080 1419
141.100 1654
141.120 1888
141.140 1859
141.160 1669
141.180 1400
141.200 1301
141.220 1187
141.240 1218
141.260 1187
141.280 989
141.300 1151
141.320 1134
141.340 1121
141.360 1129
141.380 1059
141.400 1160
141.420 1079
141.440 1243
141.460 1194
141.480 1090
141.500 1179
141.520 1190
141.540 1047
141.560 1126
141.580 1073
141.600 1088
141.620 1167
141.640 1052
141.660 1207
141.680 1111
141.700 1026
141.720 1199
141.740 1178
141.760 1160
141.780 1132
141.800 1155
141.820 1102
141.840 1027
141.860 1134
141.880 1155
141.900 1019
141.920 1181
141.940 1102
141.960 1151
141.980 1208
142.000 1044
142.020 1091
142.040 1167
142.060 1172
142.080 1202
142.100 1081
142.120 1158
142.140 1136
142.160 1027
142.180 1242
142.200 1114
142.220 1228
142.240 1117
142.260 1132
142.280 1105
142.300 1151
142.320 1143
142.340 1135
142.360 1123
142.380 1207
142.400 1059
142.420 1230
142.440 1203
142.460 1288
142.480 1158
142.500 1304
142.520 1227
142.540 1319
142.560 1226
142.580 1300
142.600 1413
142.620 1478
142.640 1467
142.660 1772
142.680 2257
142.700 3169
142.720 4705
142.740 6392
142.760 7716
142.780 7342
142.800 5742
142.820 3795
142.840 2561
142.860 1969
142.880 1635
142.900 1415
142.920 1379
142.940 1375
142.960 1276
142.980 1271
143.000 1321
143.020 1123
143.040 1177
143.060 1270
143.080 1110
143.100 1177
143.120 1151
143.140 1193
143.160 1296
143.180 1297
143.200 1215
143.220 1211
143.240 1182
143.260 1147
143.280 1175
143.300 1187
143.320 1163
143.340 1096
143.360 1264
143.380 1177
143.400 1167
143.420 1318
143.440 1285
143.460 1273
143.480 1321
143.500 1273
143.520 1459
143.540 1770
143.560 2341
143.580 3186
143.600 4063
143.620 4467
143.640 4016
143.660 3234
143.680 2409
143.700 1830
143.720 1485
143.740 1313
143.760 1310
143.780 1178
143.800 1304
143.820 1188
143.840 1154
143.860 1167
143.880 1143
143.900 1237
143.920 1204
143.940 1238
143.960 1166
143.980 1127
144.000 1219
144.020 1111
144.040 1160
144.060 1124
144.080 1192
144.100 1245
144.120 1186
144.140 1233
144.160 1212
144.180 1169
144.200 1129
144.220 1180
144.240 1176
144.260 1252
144.280 1198
144.300 1204
144.320 1246
144.340 1257
144.360 1344
144.380 1496
144.400 1890
144.420 2538
144.440 3335
144.460 3938
144.480 3848
144.500 3254
144.520 2562
144.540 1959
144.560 1562
144.580 1390
144.600 1265
144.620 1312
144.640 1123
144.660 1194
144.680 1159
144.700 1147
144.720 1219
144.740 1254
144.760 1225
144.780 1168
144.800 1127
144.820 1230
144.840 1048
144.860 1215
144.880 1195
144.900 1164
144.920 1077
144.940 1116
144.960 1157
144.980 1124
145.000 1090
145.020 1259
145.040 1050
145.060 1192
145.080 1204
145.100 1160
145.120 1151
145.140 1119
145.160 1203
145.180 1148
145.200 1112
145.220 1229
145.240 1140
145.260 1231
145.280 1380
145.300 1506
145.320 1869
145.340 2208
145.360 2575
145.380 2539
145.400 2198
145.420 1868
145.440 1591
145.460 1390
145.480 1291
145.500 1131
145.520 1197
145.540 1170
145.560 1167
145.580 1109
145.600 1196
145.620 1099
145.640 1196
145.660 1096
145.680 1121
145.700 1244
145.720 1170
145.740 1183
145.760 1148
145.780 1066
145.800 1139
145.820 1132
145.840 1164
145.860 1080
145.880 1150
145.900 1067
145.920 1152
145.940 1184
145.960 1199
145.980 1175
146.000 1217
146.020 1114
146.040 1173
146.060 1251
146.080 1080
146.100 1065
146.120 1166
146.140 1173
146.160 1162
146.180 1134
146.200 1125
146.220 1167
146.240 1147
146.260 1116
146.280 1134
146.300 1155
146.320 1066
146.340 1123
146.360 1112
146.380 1229
146.400 1025
146.420 1223
146.440 1185
146.460 1227
146.480 1233
146.500 1166
146.520 1265
146.540 1166
146.560 1124
146.580 1175
146.600 1146
146.620 1115
146.640 1136
146.660 1112
146.680 1161
146.700 1034
146.720 1133
146.740 1147
146.760 1075
146.780 1103
146.800 1072
146.820 1230
146.840 1099
146.860 1050
146.880 1053
146.900 1207
146.920 1115
146.940 1096
146.960 1117
146.980 1089
147.000 1149
147.020 1044
147.040 1195
147.060 1122
147.080 1126
147.100 1065
147.120 1207
147.140 1202
147.160 1191
147.180 1093
147.200 1168
147.220 1175
147.240 1230
147.260 1232
147.280 1215
147.300 1092
147.320 1168
147.340 1159
147.360 1133
147.380 1136
147.400 1112
147.420 1169
147.440 1063
147.460 1115
147.480 1111
147.500 1149
147.520 1143
147.540 1149
147.560 1161
147.580 1199
147.600 1110
147.620 1101
147.640 1144
147.660 1071
147.680 1111
147.700 1021
147.720 1173
147.740 1154
147.760 1089
147.780 1195
147.800 1123
147.820 1133
147.840 1138
147.860 1259
147.880 1118
147.900 1120
147.920 1095
147.940 1264
147.960 1183
147.980 1155
148.000 1098
148.020 1126
148.040 1190
148.060 1173
148.080 1257
148.100 1260
148.120 1274
148.140 1330
148.160 1259
148.180 1163
148.200 1212
148.220 1195
148.240 1223
148.260 1224
148.280 1148
148.300 1109
148.320 1158
148.340 1227
148.360 1165
148.380 1077
148.400 1118
148.420 1170
148.440 1136
148.460 1218
148.480 1135
148.500 1157
148.520 1153
148.540 1150
148.560 1105
148.580 1119
148.600 1156
148.620 1154
148.640 1126
148.660 1200
148.680 1178
148.700 1140
148.720 1198
148.740 1184
148.760 1212
148.780 1111
148.800 1128
148.820 1152
148.840 1075
148.860 1007
148.880 1092
148.900 1155
148.920 1140
148.940 1115
148.960 1108
148.980 1150
149.000 1223
149.020 1174
149.040 1182
149.060 1149
149.080 1172
149.100 1266
149.120 1189
149.140 1237
149.160 1216
149.180 1136
149.200 1203
149.220 1180
149.240 1184
149.260 1113
149.280 1192
149.300 1192
149.320 1218
149.340 1189
149.360 1154
149.380 1106
149.400 1178
149.420 1258
149.440 1141
149.460 1190
149.480 1159
149.500 1064
149.520 1173
149.540 1115
149.560 1164
149.580 1111
149.600 1099
149.620 1171
149.640 1101
149.660 1098
149.680 1141
149.700 1166
149.720 1174
149.740 1118
149.760 1235
149.780 1247
149.800 1129
149.820 1105
149.840 1040
149.860 1128
149.880 1132
149.900 1129
149.920 1235
149.940 1235
149.960 1111
149.980 1131
150.000 1124
