! TITLE: Yobs                                                                                                                                                                                                                                                            
! Yobs - Ycalc 
      44.36324  -14529.50680
      44.37637  -14483.22070
      44.38950  -14504.33690
      44.40263  -14545.08980
      44.41576  -14495.74900
      44.42889  -14587.61520
      44.44202  -14583.03130
      44.45515  -14488.38670
      44.46828  -14520.12500
      44.48141  -14523.75490
      44.49454  -14532.86230
      44.50767  -14486.12300
      44.52080  -14467.31840
      44.53393  -14399.36130
      44.54706  -14371.31740
      44.56019  -14295.44040
      44.57332  -14327.21390
      44.58645  -14196.40140
      44.59959  -14070.15230
      44.61272  -14007.92870
      44.62585  -13879.84860
      44.63898  -13761.67380
      44.65211  -13600.04100
      44.66524  -13476.70800
      44.67837  -13054.89940
      44.69150  -12973.77050
      44.70463  -12723.06740
      44.71776  -12295.08500
      44.73089  -12067.10160
      44.74402  -11745.61620
      44.75715  -11386.89360
      44.77028  -10920.48440
      44.78341  -10602.41020
      44.79654  -10262.26560
      44.80967  -10164.43460
      44.82280  -10321.83300
      44.83593  -11103.43260
      44.84906  -12570.24710
      44.86219  -14799.85450
      44.87532  -18445.35550
      44.88845  -21162.10940
      44.90158  -19850.79300
      44.91471  -11650.57320
      44.92784    -590.21429
      44.94097    2003.17249
      44.95410   -4495.26514
      44.96723  -11880.77250
      44.98036  -17049.30080
      44.99349  -20541.55860
      45.00662  -22035.78910
      45.01975  -21343.01170
      45.03288  -17419.42190
      45.04601  -11002.88570
      45.05914   -9766.86035
      45.07227  -12015.39940
      45.08540  -14709.49710
      45.09853  -16368.35840
      45.11166  -16709.57030
      45.12479  -16691.04880
      45.13793  -16810.30860
      45.15106  -16320.24220
      45.16419  -16041.45210
      45.17732  -15974.70310
      45.19045  -15628.32030
      45.20358  -15292.37500
      45.21671  -15239.14160
      45.22984  -15052.07420
      45.24297  -14932.11040
      45.25610  -14785.93070
      45.26923  -14751.85640
      45.28236  -14615.11330
      45.29549  -14541.34670
      45.30862  -14533.27340
      45.32175  -14466.43460
      45.33488  -14401.00980
      45.34801  -14324.68070
      45.36114  -14316.52730
      45.37427  -14201.95020
      45.38740  -14162.60250
      45.40053  -14122.35160
      45.41366  -14089.23050
      45.42679  -14000.41600
      45.43992  -13887.20120
      45.45305  -13915.97360
      45.46618  -13874.20610
